1 0.8221153846153846 0.25721153846153844 0.17067307692307693 0.18028846153846154
0 0.08653846153846154 0.28125 0.07211538461538461 0.09375
0 0.6658653846153846 0.27403846153846156 0.06971153846153846 0.09375
0 0.1466346153846154 0.3004807692307692 0.09375 0.11778846153846154
0 0.49759615384615385 0.27884615384615385 0.11057692307692307 0.12259615384615384
0 0.43028846153846156 0.2644230769230769 0.07451923076923077 0.10576923076923077
0 0.9350961538461539 0.27884615384615385 0.057692307692307696 0.07211538461538461
0 0.7091346153846154 0.27403846153846156 0.038461538461538464 0.07692307692307693
0 0.5865384615384616 0.2668269230769231 0.0625 0.07211538461538461
1 0.8221153846153846 0.0829326923076923 0.17307692307692307 0.1658653846153846
0 0.08653846153846154 0.05048076923076923 0.07211538461538461 0.09375
0 0.6658653846153846 0.057692307692307696 0.06971153846153846 0.09375
0 0.1466346153846154 0.04567307692307692 0.09615384615384616 0.09134615384615384
0 0.4987980769230769 0.057692307692307696 0.11298076923076923 0.11538461538461539
0 0.43028846153846156 0.0673076923076923 0.07451923076923077 0.10576923076923077
0 0.9350961538461539 0.052884615384615384 0.057692307692307696 0.07211538461538461
0 0.7091346153846154 0.057692307692307696 0.038461538461538464 0.07692307692307693
0 0.5865384615384616 0.06490384615384616 0.0625 0.07211538461538461