1 0.6826923076923077 0.27403846153846156 0.08653846153846154 0.12740384615384615
1 0.3798076923076923 0.35336538461538464 0.11778846153846154 0.12740384615384615
1 0.7596153846153846 0.25240384615384615 0.13221153846153846 0.18028846153846154
1 0.36538461538461536 0.15144230769230768 0.06971153846153846 0.0889423076923077
1 0.27884615384615385 0.1875 0.03365384615384615 0.036057692307692304
1 0.44471153846153844 0.22355769230769232 0.04807692307692308 0.05048076923076923
1 0.6129807692307693 0.1658653846153846 0.057692307692307696 0.06490384615384616
1 0.5504807692307693 0.19230769230769232 0.036057692307692304 0.04567307692307692
1 0.4206730769230769 0.15384615384615385 0.05048076923076923 0.04567307692307692
1 0.9651442307692307 0.27403846153846156 0.06490384615384616 0.12980769230769232
1 0.8990384615384616 0.25240384615384615 0.13221153846153846 0.18028846153846154
1 0.052884615384615384 0.1875 0.03365384615384615 0.036057692307692304