1 0.1466346153846154 0.27403846153846156 0.13701923076923078 0.15865384615384615
1 0.3918269230769231 0.3557692307692308 0.09134615384615384 0.11778846153846154
1 0.5408653846153846 0.39663461538461536 0.057692307692307696 0.07451923076923077
1 0.9543269230769231 0.38221153846153844 0.08173076923076923 0.12259615384615384
1 0.78125 0.4254807692307692 0.0673076923076923 0.0673076923076923
1 0.2956730769230769 0.39663461538461536 0.057692307692307696 0.08413461538461539
1 0.6418269230769231 0.3485576923076923 0.09615384615384616 0.1346153846153846
1 0.8822115384615384 0.4206730769230769 0.03365384615384615 0.057692307692307696
1 0.1466346153846154 0.06971153846153846 0.13942307692307693 0.13942307692307693
1 0.39302884615384615 0.018028846153846152 0.09375 0.036057692307692304
1 0.6430288461538461 0.026442307692307692 0.0985576923076923 0.052884615384615384