1 0.02403846153846154 0.4110576923076923 0.04567307692307692 0.11538461538461539
0 0.5048076923076923 0.47596153846153844 0.08173076923076923 0.09615384615384616
0 0.3605769230769231 0.4879807692307692 0.07692307692307693 0.09615384615384616
0 0.6490384615384616 0.5 0.08173076923076923 0.11057692307692307
0 0.7067307692307693 0.5168269230769231 0.057692307692307696 0.08413461538461539
0 0.5408653846153846 0.41346153846153844 0.057692307692307696 0.06971153846153846
0 0.4326923076923077 0.40865384615384615 0.057692307692307696 0.06971153846153846
0 0.9471153846153846 0.43509615384615385 0.04567307692307692 0.06490384615384616
0 0.8076923076923077 0.4230769230769231 0.05048076923076923 0.06971153846153846
0 0.7932692307692307 0.38221153846153844 0.04567307692307692 0.057692307692307696
0 0.35096153846153844 0.4326923076923077 0.0673076923076923 0.06490384615384616
0 0.8485576923076923 0.44711538461538464 0.04326923076923077 0.06971153846153846
0 0.8557692307692307 0.3942307692307692 0.04567307692307692 0.052884615384615384
0 0.4639423076923077 0.4519230769230769 0.04567307692307692 0.0673076923076923
0 0.9230769230769231 0.41586538461538464 0.03365384615384615 0.052884615384615384
0 0.9855769230769231 0.40384615384615385 0.021634615384615384 0.057692307692307696