1 0.5360576923076923 0.3870192307692308 0.06490384615384616 0.08413461538461539
1 0.4519230769230769 0.3942307692307692 0.07451923076923077 0.09615384615384616
1 0.9158653846153846 0.40625 0.055288461538461536 0.07451923076923077
1 0.24519230769230768 0.3798076923076923 0.09134615384615384 0.11538461538461539
1 0.7067307692307693 0.38221153846153844 0.10096153846153846 0.10817307692307693
1 0.8076923076923077 0.4567307692307692 0.05048076923076923 0.07451923076923077
1 0.6802884615384616 0.3870192307692308 0.0673076923076923 0.08653846153846154
1 0.019230769230769232 0.4326923076923077 0.028846153846153848 0.04567307692307692
1 0.06009615384615385 0.43509615384615385 0.04567307692307692 0.0673076923076923
1 0.24639423076923078 0.015625 0.09375 0.03125
1 0.7079326923076923 0.01201923076923077 0.10336538461538461 0.02403846153846154