1 0.1778846153846154 0.3076923076923077 0.17307692307692307 0.17307692307692307
1 0.7331730769230769 0.3605769230769231 0.1466346153846154 0.16346153846153846
1 0.6057692307692307 0.39663461538461536 0.11298076923076923 0.12980769230769232
1 0.30288461538461536 0.3125 0.11778846153846154 0.14182692307692307
1 0.09134615384615384 0.3269230769230769 0.057692307692307696 0.07211538461538461
1 0.7019230769230769 0.3004807692307692 0.11778846153846154 0.10336538461538461
1 0.9615384615384616 0.33413461538461536 0.06971153846153846 0.2283653846153846
1 0.1778846153846154 0.12980769230769232 0.17307692307692307 0.17307692307692307
1 0.7331730769230769 0.08052884615384616 0.14903846153846154 0.16105769230769232
1 0.6057692307692307 0.054086538461538464 0.11538461538461539 0.10817307692307693
1 0.30288461538461536 0.125 0.11778846153846154 0.14182692307692307
1 0.09134615384615384 0.11057692307692307 0.057692307692307696 0.07211538461538461
1 0.7019230769230769 0.13701923076923078 0.11778846153846154 0.10336538461538461
1 0.9615384615384616 0.109375 0.07211538461538461 0.21875