1 0.10096153846153846 0.4375 0.03365384615384615 0.04807692307692308
1 0.2548076923076923 0.4326923076923077 0.07451923076923077 0.0889423076923077
1 0.36778846153846156 0.43028846153846156 0.07932692307692307 0.08653846153846154
0 0.4807692307692308 0.43509615384615385 0.055288461538461536 0.0673076923076923
0 0.16826923076923078 0.4206730769230769 0.04807692307692308 0.057692307692307696
0 0.05048076923076923 0.4206730769230769 0.04567307692307692 0.06490384615384616
0 0.8461538461538461 0.4855769230769231 0.04326923076923077 0.057692307692307696
0 0.7211538461538461 0.4495192307692308 0.06009615384615385 0.0625
0 0.6538461538461539 0.47115384615384615 0.038461538461538464 0.05048076923076923
0 0.6033653846153846 0.46634615384615385 0.0625 0.0625
0 0.5649038461538461 0.4831730769230769 0.036057692307692304 0.06009615384615385
0 0.5168269230769231 0.47836538461538464 0.040865384615384616 0.055288461538461536
1 0.10216346153846154 0.015625 0.036057692307692304 0.03125
1 0.2548076923076923 0.027644230769230768 0.07692307692307693 0.055288461538461536
1 0.36778846153846156 0.028846153846153848 0.08173076923076923 0.057692307692307696
0 0.4807692307692308 0.021634615384615384 0.057692307692307696 0.04326923076923077
0 0.16947115384615385 0.026442307692307692 0.05048076923076923 0.052884615384615384
0 0.05048076923076923 0.027644230769230768 0.04807692307692308 0.055288461538461536
0 0.7211538461538461 0.013221153846153846 0.0625 0.026442307692307692