1 0.1778846153846154 0.3485576923076923 0.07211538461538461 0.08173076923076923
1 0.37259615384615385 0.43509615384615385 0.10096153846153846 0.09615384615384616
1 0.2764423076923077 0.5192307692307693 0.15384615384615385 0.14182692307692307
0 0.84375 0.2692307692307692 0.08653846153846154 0.10336538461538461
0 0.7043269230769231 0.2980769230769231 0.055288461538461536 0.07211538461538461
0 0.4423076923076923 0.3317307692307692 0.0673076923076923 0.06971153846153846
1 0.6057692307692307 0.3245192307692308 0.038461538461538464 0.055288461538461536
1 0.5432692307692307 0.34375 0.040865384615384616 0.055288461538461536
1 0.5096153846153846 0.34615384615384615 0.03125 0.04567307692307692
1 0.46634615384615385 0.34375 0.03365384615384615 0.057692307692307696
0 0.6730769230769231 0.3293269230769231 0.04807692307692308 0.04567307692307692
0 0.9278846153846154 0.31971153846153844 0.036057692307692304 0.052884615384615384
1 0.17908653846153846 0.013221153846153846 0.07451923076923077 0.026442307692307692
0 0.84375 0.0625 0.08653846153846154 0.10336538461538461
0 0.7043269230769231 0.036057692307692304 0.057692307692307696 0.07211538461538461
0 0.44350961538461536 0.018028846153846152 0.06971153846153846 0.036057692307692304
1 0.6069711538461539 0.018028846153846152 0.040865384615384616 0.036057692307692304
1 0.5432692307692307 0.008413461538461538 0.04326923076923077 0.016826923076923076
1 0.5096153846153846 0.004807692307692308 0.03365384615384615 0.009615384615384616
1 0.4675480769230769 0.009615384615384616 0.036057692307692304 0.019230769230769232
0 0.6742788461538461 0.013221153846153846 0.05048076923076923 0.026442307692307692
0 0.9278846153846154 0.020432692307692308 0.038461538461538464 0.040865384615384616