1 0.3317307692307692 0.3173076923076923 0.13701923076923078 0.19471153846153846
1 0.16346153846153846 0.30528846153846156 0.07211538461538461 0.19951923076923078
1 0.6370192307692307 0.3076923076923077 0.14423076923076922 0.1971153846153846
1 0.46875 0.2668269230769231 0.13942307692307693 0.1658653846153846
1 0.27884615384615385 0.22115384615384615 0.11538461538461539 0.17307692307692307
1 0.5576923076923077 0.1971153846153846 0.11298076923076923 0.14423076923076922
1 0.7259615384615384 0.2283653846153846 0.11778846153846154 0.20192307692307693
1 0.21634615384615385 0.21634615384615385 0.09134615384615384 0.14423076923076922
1 0.15625 0.16346153846153846 0.06009615384615385 0.11057692307692307
1 0.44711538461538464 0.14182692307692307 0.09615384615384616 0.11778846153846154
1 0.8004807692307693 0.22355769230769232 0.07211538461538461 0.15865384615384615
1 0.3125 0.14903846153846154 0.09375 0.10576923076923077
1 0.6778846153846154 0.052884615384615384 0.07451923076923077 0.07211538461538461
1 0.75 0.10096153846153846 0.08413461538461539 0.10336538461538461
1 0.8413461538461539 0.19471153846153846 0.057692307692307696 0.16346153846153846
1 0.40384615384615385 0.07451923076923077 0.06971153846153846 0.09615384615384616
1 0.3581730769230769 0.125 0.07211538461538461 0.11057692307692307
1 0.08653846153846154 0.30528846153846156 0.07211538461538461 0.19951923076923078
1 0.015625 0.22235576923076922 0.03125 0.17548076923076922
1 0.9783653846153846 0.22956730769230768 0.03365384615384615 0.20432692307692307
1 0.040865384615384616 0.21754807692307693 0.08173076923076923 0.1466346153846154
1 0.09375 0.16346153846153846 0.06009615384615385 0.11057692307692307
1 0.9471153846153846 0.22355769230769232 0.07211538461538461 0.15865384615384615
1 0.9747596153846154 0.10096153846153846 0.040865384615384616 0.10576923076923077
1 0.90625 0.19471153846153846 0.057692307692307696 0.16346153846153846