1 0.9519230769230769 0.23557692307692307 0.0673076923076923 0.08173076923076923
1 0.6274038461538461 0.7548076923076923 0.1346153846153846 0.14182692307692307
1 0.6706730769230769 0.24278846153846154 0.08173076923076923 0.11298076923076923
1 0.8701923076923077 0.24519230769230768 0.06971153846153846 0.07692307692307693
1 0.47115384615384615 0.30288461538461536 0.0985576923076923 0.11778846153846154
1 0.8918269230769231 0.3581730769230769 0.09134615384615384 0.09375
1 0.75 0.39663461538461536 0.0985576923076923 0.11778846153846154
1 0.03125 0.38461538461538464 0.057692307692307696 0.12980769230769232
1 0.27163461538461536 0.20192307692307693 0.05048076923076923 0.057692307692307696
1 0.21634615384615385 0.23317307692307693 0.05048076923076923 0.06971153846153846
1 0.9519230769230769 0.09615384615384616 0.0673076923076923 0.08173076923076923
1 0.6274038461538461 0.9038461538461539 0.1346153846153846 0.14182692307692307
1 0.6706730769230769 0.0889423076923077 0.08173076923076923 0.11298076923076923
1 0.8701923076923077 0.08653846153846154 0.06971153846153846 0.07692307692307693
1 0.47115384615384615 0.04447115384615385 0.10096153846153846 0.0889423076923077
1 0.8930288461538461 0.010817307692307692 0.09375 0.021634615384615384
1 0.27163461538461536 0.12980769230769232 0.05048076923076923 0.057692307692307696
1 0.21634615384615385 0.0985576923076923 0.05048076923076923 0.06971153846153846