0 0.9206730769230769 0.4495192307692308 0.09615384615384616 0.08653846153846154
0 0.28365384615384615 0.4254807692307692 0.057692307692307696 0.06971153846153846
0 0.8028846153846154 0.44711538461538464 0.06971153846153846 0.07451923076923077
0 0.5769230769230769 0.4326923076923077 0.052884615384615384 0.057692307692307696
0 0.96875 0.40384615384615385 0.04807692307692308 0.09134615384615384
1 0.3293269230769231 0.43028846153846156 0.03125 0.055288461538461536
1 0.39903846153846156 0.43990384615384615 0.03125 0.038461538461538464
1 0.5288461538461539 0.4495192307692308 0.03125 0.038461538461538464
0 0.44711538461538464 0.4543269230769231 0.03125 0.040865384615384616
0 0.3629807692307692 0.4543269230769231 0.03365384615384615 0.04326923076923077
0 0.6346153846153846 0.4567307692307692 0.04807692307692308 0.0625
0 0.6706730769230769 0.44471153846153844 0.026442307692307692 0.040865384615384616
0 0.7379807692307693 0.4519230769230769 0.040865384615384616 0.04326923076923077