1 0.5576923076923077 0.37740384615384615 0.08413461538461539 0.10336538461538461
1 0.30288461538461536 0.37259615384615385 0.0889423076923077 0.11778846153846154
1 0.7764423076923077 0.39663461538461536 0.0889423076923077 0.11778846153846154
1 0.14423076923076922 0.40384615384615385 0.052884615384615384 0.06971153846153846
1 0.36538461538461536 0.4326923076923077 0.057692307692307696 0.07211538461538461
1 0.96875 0.41586538461538464 0.038461538461538464 0.09375
1 0.45913461538461536 0.4254807692307692 0.05048076923076923 0.06971153846153846
1 0.10336538461538461 0.41586538461538464 0.036057692307692304 0.057692307692307696
1 0.65625 0.44471153846153844 0.040865384615384616 0.05048076923076923
1 0.9759615384615384 0.3557692307692308 0.038461538461538464 0.14182692307692307
1 0.9771634615384616 0.02403846153846154 0.040865384615384616 0.04807692307692308