1 0.03365384615384615 0.4254807692307692 0.06009615384615385 0.07692307692307693
0 0.9567307692307693 0.4807692307692308 0.08173076923076923 0.11538461538461539
0 0.22596153846153846 0.43990384615384615 0.057692307692307696 0.06971153846153846
0 0.5528846153846154 0.4206730769230769 0.04567307692307692 0.06971153846153846
0 0.4735576923076923 0.4182692307692308 0.055288461538461536 0.052884615384615384
0 0.3245192307692308 0.41346153846153844 0.04567307692307692 0.06971153846153846
0 0.15144230769230768 0.40384615384615385 0.04567307692307692 0.052884615384615384
1 0.2668269230769231 0.3894230769230769 0.038461538461538464 0.04807692307692308
0 0.25961538461538464 0.41346153846153844 0.03365384615384615 0.04326923076923077
0 0.39663461538461536 0.40625 0.03365384615384615 0.052884615384615384
0 0.4495192307692308 0.4014423076923077 0.03365384615384615 0.057692307692307696
0 0.625 0.40384615384615385 0.04567307692307692 0.055288461538461536
0 0.5144230769230769 0.3918269230769231 0.03125 0.038461538461538464