0 0.0625 0.38221153846153844 0.07932692307692307 0.09615384615384616
0 0.4951923076923077 0.37259615384615385 0.08413461538461539 0.11057692307692307
0 0.2764423076923077 0.39903846153846156 0.08173076923076923 0.10096153846153846
0 0.7524038461538461 0.3605769230769231 0.08653846153846154 0.11538461538461539
0 0.5745192307692307 0.3918269230769231 0.055288461538461536 0.08173076923076923
0 0.1346153846153846 0.38221153846153844 0.04326923076923077 0.052884615384615384
0 0.22596153846153846 0.38461538461538464 0.028846153846153848 0.04567307692307692
0 0.36778846153846156 0.3798076923076923 0.036057692307692304 0.04807692307692308
0 0.6225961538461539 0.3870192307692308 0.03365384615384615 0.04567307692307692
0 0.3269230769230769 0.3798076923076923 0.036057692307692304 0.055288461538461536
0 0.7536057692307693 0.015625 0.0889423076923077 0.03125