0 0.22355769230769232 0.31490384615384615 0.11538461538461539 0.15384615384615385
0 0.5408653846153846 0.3581730769230769 0.08653846153846154 0.10576923076923077
0 0.39663461538461536 0.3870192307692308 0.10817307692307693 0.14182692307692307
0 0.9423076923076923 0.36538461538461536 0.10096153846153846 0.11778846153846154
0 0.7980769230769231 0.36778846153846156 0.10096153846153846 0.12259615384615384
0 0.6322115384615384 0.3389423076923077 0.10336538461538461 0.12980769230769232
0 0.2247596153846154 0.05048076923076923 0.11778846153846154 0.10096153846153846
0 0.5420673076923077 0.016826923076923076 0.0889423076923077 0.03365384615384615
0 0.9435096153846154 0.015625 0.10336538461538461 0.03125
0 0.7992788461538461 0.015625 0.10336538461538461 0.03125
0 0.6322115384615384 0.03245192307692308 0.10576923076923077 0.06490384615384616