1 0.8413461538461539 0.30288461538461536 0.0625 0.07692307692307693
1 0.5528846153846154 0.28365384615384615 0.09615384615384616 0.14182692307692307
1 0.10096153846153846 0.3293269230769231 0.07932692307692307 0.09615384615384616
1 0.2956730769230769 0.2860576923076923 0.08653846153846154 0.10096153846153846
2 0.12259615384615384 0.46153846153846156 0.16826923076923078 0.3581730769230769
2 0.28846153846153844 0.4735576923076923 0.1971153846153846 0.46634615384615385
2 0.6129807692307693 0.5048076923076923 0.30528846153846156 0.5576923076923077
2 0.8485576923076923 0.46875 0.15144230769230768 0.41586538461538464
1 0.8425480769230769 0.03485576923076923 0.06490384615384616 0.06971153846153846
1 0.5540865384615384 0.06009615384615385 0.0985576923076923 0.1201923076923077
1 0.10096153846153846 0.026442307692307692 0.08173076923076923 0.052884615384615384
1 0.296875 0.04927884615384615 0.0889423076923077 0.0985576923076923
2 0.28966346153846156 0.046875 0.19951923076923078 0.09375
2 0.6129807692307693 0.9375 0.3076923076923077 0.11538461538461539