1 0.11298076923076923 0.3269230769230769 0.03125 0.04567307692307692
1 0.2956730769230769 0.46634615384615385 0.03125 0.038461538461538464
1 0.4326923076923077 0.34134615384615385 0.021634615384615384 0.04326923076923077
1 0.8317307692307693 0.43509615384615385 0.03365384615384615 0.03365384615384615
1 0.6514423076923077 0.4855769230769231 0.03365384615384615 0.036057692307692304
1 0.5769230769230769 0.3798076923076923 0.03365384615384615 0.03365384615384615
1 0.45913461538461536 0.39903846153846156 0.03365384615384615 0.026442307692307692
1 0.49278846153846156 0.3629807692307692 0.03365384615384615 0.028846153846153848
1 0.4951923076923077 0.3918269230769231 0.03365384615384615 0.038461538461538464
1 0.65625 0.6899038461538461 0.026442307692307692 0.04567307692307692
1 0.11298076923076923 0.004807692307692308 0.03365384615384615 0.009615384615384616
1 0.65625 0.9819711538461539 0.028846153846153848 0.026442307692307692