0 0.16346153846153846 0.5072115384615384 0.057692307692307696 0.0625
0 0.4831730769230769 0.5024038461538461 0.04567307692307692 0.055288461538461536
0 0.9543269230769231 0.5120192307692307 0.038461538461538464 0.04326923076923077
0 0.27403846153846156 0.5216346153846154 0.028846153846153848 0.038461538461538464
0 0.31009615384615385 0.5192307692307693 0.028846153846153848 0.036057692307692304
0 0.36538461538461536 0.5216346153846154 0.03125 0.036057692307692304
0 0.3894230769230769 0.5168269230769231 0.021634615384615384 0.036057692307692304
0 0.44711538461538464 0.5144230769230769 0.03365384615384615 0.04326923076923077
0 0.5745192307692307 0.5264423076923077 0.040865384615384616 0.04567307692307692
0 0.7956730769230769 0.5192307692307693 0.038461538461538464 0.04567307692307692
0 0.9134615384615384 0.5192307692307693 0.036057692307692304 0.036057692307692304
0 0.8413461538461539 0.5216346153846154 0.036057692307692304 0.038461538461538464
0 0.7379807692307693 0.5048076923076923 0.03365384615384615 0.040865384615384616
0 0.6322115384615384 0.53125 0.03125 0.040865384615384616
0 0.65625 0.5264423076923077 0.026442307692307692 0.04326923076923077
0 0.055288461538461536 0.5216346153846154 0.028846153846153848 0.038461538461538464
0 0.019230769230769232 0.5264423076923077 0.036057692307692304 0.04326923076923077
0 0.20192307692307693 0.5168269230769231 0.026442307692307692 0.04326923076923077