0 0.7091346153846154 0.3557692307692308 0.06490384615384616 0.08173076923076923
0 0.8653846153846154 0.37740384615384615 0.07211538461538461 0.10576923076923077
0 0.5144230769230769 0.34615384615384615 0.0625 0.08413461538461539
0 0.10817307692307693 0.31971153846153844 0.0625 0.0889423076923077
0 0.3173076923076923 0.36778846153846156 0.06490384615384616 0.08173076923076923
0 0.44471153846153844 0.34375 0.055288461538461536 0.08173076923076923
0 0.19951923076923078 0.3485576923076923 0.04807692307692308 0.0673076923076923
0 0.35096153846153844 0.33413461538461536 0.04807692307692308 0.07211538461538461
0 0.5649038461538461 0.3317307692307692 0.038461538461538464 0.06009615384615385
0 0.6442307692307693 0.37259615384615385 0.04807692307692308 0.06009615384615385
0 0.109375 0.01201923076923077 0.06490384615384616 0.02403846153846154