1 0.3798076923076923 0.43990384615384615 0.057692307692307696 0.0673076923076923
1 0.5 0.4375 0.05048076923076923 0.06971153846153846
1 0.23076923076923078 0.4735576923076923 0.05048076923076923 0.06971153846153846
1 0.9399038461538461 0.47596153846153844 0.04567307692307692 0.06971153846153846
0 0.8365384615384616 0.46634615384615385 0.052884615384615384 0.0625
0 0.1466346153846154 0.47115384615384615 0.052884615384615384 0.06971153846153846
0 0.6538461538461539 0.4495192307692308 0.04326923076923077 0.057692307692307696
1 0.31490384615384615 0.4567307692307692 0.036057692307692304 0.055288461538461536
0 0.5336538461538461 0.4543269230769231 0.03365384615384615 0.052884615384615384
0 0.7331730769230769 0.47115384615384615 0.03365384615384615 0.040865384615384616
0 0.4543269230769231 0.46153846153846156 0.028846153846153848 0.04326923076923077
0 0.6081730769230769 0.4543269230769231 0.038461538461538464 0.038461538461538464