1 0.6009615384615384 0.3293269230769231 0.06490384615384616 0.07692307692307693
1 0.24278846153846154 0.34375 0.06009615384615385 0.08173076923076923
1 0.7956730769230769 0.36778846153846156 0.07451923076923077 0.08173076923076923
1 0.7091346153846154 0.3557692307692308 0.057692307692307696 0.06490384615384616
1 0.44711538461538464 0.3557692307692308 0.052884615384615384 0.06971153846153846
1 0.2980769230769231 0.3485576923076923 0.04807692307692308 0.0673076923076923
1 0.34615384615384615 0.3701923076923077 0.040865384615384616 0.0625
1 0.5120192307692307 0.3894230769230769 0.03125 0.04567307692307692
1 0.5528846153846154 0.375 0.040865384615384616 0.06009615384615385
1 0.6009615384615384 0.021634615384615384 0.0673076923076923 0.04326923076923077
1 0.24278846153846154 0.015625 0.0625 0.03125
1 0.29927884615384615 0.009615384615384616 0.05048076923076923 0.019230769230769232