1 0.24759615384615385 0.25721153846153844 0.06971153846153846 0.08653846153846154
1 0.8581730769230769 0.2932692307692308 0.08653846153846154 0.09134615384615384
1 0.5961538461538461 0.2860576923076923 0.08173076923076923 0.0889423076923077
1 0.4543269230769231 0.36778846153846156 0.09615384615384616 0.0985576923076923
1 0.34375 0.2980769230769231 0.09615384615384616 0.11778846153846154
1 0.17307692307692307 0.2644230769230769 0.07211538461538461 0.06490384615384616
1 0.3557692307692308 0.42788461538461536 0.057692307692307696 0.06971153846153846
1 0.24759615384615385 0.07932692307692307 0.06971153846153846 0.08653846153846154
1 0.859375 0.04567307692307692 0.0889423076923077 0.09134615384615384
1 0.5961538461538461 0.05048076923076923 0.08173076923076923 0.0889423076923077
1 0.45552884615384615 0.009615384615384616 0.0985576923076923 0.019230769230769232
1 0.3449519230769231 0.04927884615384615 0.0985576923076923 0.0985576923076923
1 0.17307692307692307 0.07211538461538461 0.07211538461538461 0.06490384615384616