1 0.25 0.4543269230769231 0.15865384615384615 0.1466346153846154
1 0.6129807692307693 0.7379807692307693 0.17548076923076922 0.17548076923076922
1 0.7331730769230769 0.4230769230769231 0.16346153846153846 0.15384615384615385
1 0.8509615384615384 0.28125 0.15384615384615385 0.18509615384615385
1 0.6322115384615384 0.5721153846153846 0.1466346153846154 0.1466346153846154
1 0.9471153846153846 0.40384615384615385 0.0985576923076923 0.17307692307692307
1 0.6875 0.32211538461538464 0.13221153846153846 0.14423076923076922
1 0.28365384615384615 0.6466346153846154 0.17307692307692307 0.15144230769230768
1 0.9447115384615384 0.6466346153846154 0.10576923076923077 0.19230769230769232
0 0.43509615384615385 0.4831730769230769 0.13942307692307693 0.12740384615384615
0 0.7668269230769231 0.6586538461538461 0.14182692307692307 0.15625
1 0.6129807692307693 0.9158653846153846 0.1778846153846154 0.15865384615384615
1 0.8521634615384616 0.07211538461538461 0.15625 0.14423076923076922
1 0.6875 0.042067307692307696 0.1346153846153846 0.08413461538461539
1 0.2848557692307692 0.9675480769230769 0.17548076923076922 0.055288461538461536
1 0.9459134615384616 0.9579326923076923 0.10817307692307693 0.07451923076923077
0 0.7668269230769231 0.9603365384615384 0.14423076923076922 0.06971153846153846