1 0.04807692307692308 0.45913461538461536 0.028846153846153848 0.026442307692307692
0 0.18028846153846154 0.43990384615384615 0.0889423076923077 0.0985576923076923
0 0.11778846153846154 0.44711538461538464 0.03125 0.036057692307692304
0 0.3870192307692308 0.4326923076923077 0.055288461538461536 0.055288461538461536
0 0.4495192307692308 0.42788461538461536 0.055288461538461536 0.057692307692307696
0 0.5216346153846154 0.43509615384615385 0.036057692307692304 0.04567307692307692
0 0.5576923076923077 0.4423076923076923 0.03365384615384615 0.040865384615384616
0 0.6201923076923077 0.43509615384615385 0.026442307692307692 0.03125
0 0.6850961538461539 0.43990384615384615 0.040865384615384616 0.04326923076923077
0 0.7548076923076923 0.4326923076923077 0.038461538461538464 0.04326923076923077
0 0.8221153846153846 0.4254807692307692 0.038461538461538464 0.038461538461538464
0 0.8677884615384616 0.4254807692307692 0.02403846153846154 0.036057692307692304
0 0.9158653846153846 0.4206730769230769 0.038461538461538464 0.04567307692307692
0 0.9759615384615384 0.4206730769230769 0.021634615384615384 0.03125