1 0.9302884615384616 0.7668269230769231 0.08413461538461539 0.08413461538461539
1 0.6514423076923077 0.6346153846153846 0.057692307692307696 0.06490384615384616
1 0.9759615384615384 0.71875 0.04326923076923077 0.08173076923076923
1 0.5432692307692307 0.6057692307692307 0.04567307692307692 0.055288461538461536
1 0.016826923076923076 0.6875 0.03125 0.057692307692307696
1 0.125 0.6682692307692307 0.040865384615384616 0.057692307692307696
1 0.21875 0.6706730769230769 0.04326923076923077 0.04567307692307692
1 0.21875 0.19951923076923078 0.03365384615384615 0.026442307692307692
1 0.2860576923076923 0.3557692307692308 0.03365384615384615 0.03365384615384615
1 0.4206730769230769 0.6129807692307693 0.040865384615384616 0.040865384615384616
1 0.5985576923076923 0.7067307692307693 0.052884615384615384 0.06971153846153846
1 0.49278846153846156 0.6995192307692307 0.05048076923076923 0.06490384615384616
1 0.4375 0.7067307692307693 0.04807692307692308 0.0625
1 0.42788461538461536 0.6802884615384616 0.04567307692307692 0.057692307692307696
1 0.3485576923076923 0.6658653846153846 0.036057692307692304 0.04326923076923077
1 0.5048076923076923 0.5336538461538461 0.040865384615384616 0.03365384615384615
1 0.46634615384615385 0.5072115384615384 0.028846153846153848 0.036057692307692304
1 0.3894230769230769 0.5192307692307693 0.038461538461538464 0.04326923076923077
1 0.4375 0.44471153846153844 0.028846153846153848 0.04326923076923077
1 0.3942307692307692 0.46153846153846156 0.026442307692307692 0.03365384615384615
0 0.7956730769230769 0.7115384615384616 0.057692307692307696 0.04567307692307692
1 0.9302884615384616 0.8966346153846154 0.08413461538461539 0.08413461538461539
1 0.9759615384615384 0.9447115384615384 0.04326923076923077 0.08173076923076923
1 0.016826923076923076 0.9711538461538461 0.03365384615384615 0.04807692307692308
1 0.125 0.9807692307692307 0.04326923076923077 0.028846153846153848
1 0.21995192307692307 0.9819711538461539 0.04567307692307692 0.026442307692307692
1 0.21875 0.13221153846153846 0.03365384615384615 0.026442307692307692
1 0.5985576923076923 0.9567307692307693 0.052884615384615384 0.06971153846153846
1 0.49278846153846156 0.9639423076923077 0.05048076923076923 0.06490384615384616
1 0.4375 0.9567307692307693 0.04807692307692308 0.0625
1 0.42788461538461536 0.9747596153846154 0.04807692307692308 0.040865384615384616
1 0.3485576923076923 0.9855769230769231 0.038461538461538464 0.019230769230769232
0 0.7956730769230769 0.9519230769230769 0.057692307692307696 0.04567307692307692