1 0.2980769230769231 0.65625 0.125 0.12740384615384615
1 0.6129807692307693 0.4206730769230769 0.11057692307692307 0.10576923076923077
1 0.15625 0.39663461538461536 0.11778846153846154 0.09375
1 0.43028846153846156 0.37259615384615385 0.09615384615384616 0.125
1 0.17067307692307693 0.4807692307692308 0.14903846153846154 0.12980769230769232
1 0.3485576923076923 0.2091346153846154 0.09375 0.08413461538461539
0 0.25 0.3317307692307692 0.0889423076923077 0.0985576923076923
0 0.49038461538461536 0.6682692307692307 0.13701923076923078 0.11778846153846154
0 0.6658653846153846 0.7091346153846154 0.10336538461538461 0.10096153846153846
0 0.7259615384615384 0.4495192307692308 0.12740384615384615 0.11778846153846154
1 0.29927884615384615 0.96875 0.12740384615384615 0.052884615384615384
1 0.3485576923076923 0.12259615384615384 0.09375 0.08413461538461539
0 0.25 0.025240384615384616 0.09134615384615384 0.05048076923076923
0 0.49038461538461536 0.9651442307692307 0.13942307692307693 0.06009615384615385
0 0.6658653846153846 0.9495192307692307 0.10576923076923077 0.09134615384615384