1 0.6298076923076923 0.25961538461538464 0.06971153846153846 0.08173076923076923
1 0.5697115384615384 0.3245192307692308 0.06971153846153846 0.10817307692307693
1 0.8173076923076923 0.40384615384615385 0.12259615384615384 0.14903846153846154
1 0.40625 0.27884615384615385 0.07211538461538461 0.10817307692307693
1 0.7139423076923077 0.24278846153846154 0.06971153846153846 0.07692307692307693
1 0.5144230769230769 0.2620192307692308 0.06009615384615385 0.07211538461538461
1 0.7067307692307693 0.3173076923076923 0.07692307692307693 0.11298076923076923
1 0.90625 0.2764423076923077 0.08653846153846154 0.10096153846153846
1 0.20192307692307693 0.44471153846153844 0.13942307692307693 0.16105769230769232
1 0.27163461538461536 0.3317307692307692 0.07932692307692307 0.10336538461538461
1 0.7716346153846154 0.30528846153846156 0.06971153846153846 0.10336538461538461
1 0.10096153846153846 0.3293269230769231 0.09375 0.11298076923076923
1 0.5673076923076923 0.24519230769230768 0.055288461538461536 0.07451923076923077
1 0.08413461538461539 0.4326923076923077 0.12980769230769232 0.15865384615384615
1 0.6370192307692307 0.3605769230769231 0.09375 0.12740384615384615
1 0.34375 0.37259615384615385 0.10576923076923077 0.12980769230769232
1 0.4639423076923077 0.3557692307692308 0.10336538461538461 0.15384615384615385
1 0.9711538461538461 0.3798076923076923 0.05048076923076923 0.13701923076923078
1 0.34615384615384615 0.25 0.04567307692307692 0.07211538461538461
1 0.24278846153846154 0.2692307692307692 0.06009615384615385 0.0625
1 0.6298076923076923 0.11057692307692307 0.06971153846153846 0.08173076923076923
1 0.5697115384615384 0.05048076923076923 0.07211538461538461 0.10096153846153846
1 0.8173076923076923 0.021634615384615384 0.125 0.04326923076923077
1 0.40625 0.09134615384615384 0.07211538461538461 0.10817307692307693
1 0.7139423076923077 0.12740384615384615 0.06971153846153846 0.07692307692307693
1 0.5144230769230769 0.10817307692307693 0.06009615384615385 0.07211538461538461
1 0.7079326923076923 0.055288461538461536 0.07932692307692307 0.11057692307692307
1 0.90625 0.09375 0.08653846153846154 0.10096153846153846
1 0.27163461538461536 0.04567307692307692 0.08173076923076923 0.09134615384615384
1 0.7716346153846154 0.06490384615384616 0.06971153846153846 0.10336538461538461
1 0.10096153846153846 0.04927884615384615 0.09615384615384616 0.0985576923076923
1 0.5673076923076923 0.125 0.055288461538461536 0.07451923076923077
1 0.6370192307692307 0.037259615384615384 0.09615384615384616 0.07451923076923077
1 0.3449519230769231 0.03245192307692308 0.10817307692307693 0.06490384615384616
1 0.4639423076923077 0.046875 0.10576923076923077 0.09375
1 0.9711538461538461 0.030048076923076924 0.052884615384615384 0.06009615384615385
1 0.34615384615384615 0.1201923076923077 0.04567307692307692 0.07211538461538461
1 0.24278846153846154 0.10096153846153846 0.06009615384615385 0.0625