1 0.9495192307692307 0.5721153846153846 0.08173076923076923 0.09375
1 0.21875 0.3004807692307692 0.057692307692307696 0.06490384615384616
1 0.5817307692307693 0.28365384615384615 0.04567307692307692 0.04567307692307692
1 0.5024038461538461 0.30528846153846156 0.036057692307692304 0.052884615384615384
0 0.2283653846153846 0.6298076923076923 0.09375 0.09375
0 0.33653846153846156 0.6177884615384616 0.07932692307692307 0.09375
0 0.7956730769230769 0.5841346153846154 0.08413461538461539 0.07451923076923077
0 0.8918269230769231 0.5817307692307693 0.0673076923076923 0.07932692307692307
1 0.21995192307692307 0.03245192307692308 0.06009615384615385 0.06490384615384616
1 0.5817307692307693 0.04807692307692308 0.04567307692307692 0.04567307692307692
1 0.5024038461538461 0.026442307692307692 0.036057692307692304 0.052884615384615384