1 0.38221153846153844 0.43990384615384615 0.057692307692307696 0.06971153846153846
1 0.23317307692307693 0.47115384615384615 0.05048076923076923 0.06490384615384616
1 0.9447115384615384 0.4735576923076923 0.04567307692307692 0.06490384615384616
1 0.5 0.43509615384615385 0.04567307692307692 0.06971153846153846
0 0.8389423076923077 0.46634615384615385 0.055288461538461536 0.0625
0 0.14903846153846154 0.47596153846153844 0.05048076923076923 0.0673076923076923
0 0.6586538461538461 0.44711538461538464 0.04567307692307692 0.06009615384615385
1 0.3173076923076923 0.45913461538461536 0.038461538461538464 0.06009615384615385
0 0.4567307692307692 0.45913461538461536 0.03365384615384615 0.040865384615384616
0 0.42788461538461536 0.45913461538461536 0.02403846153846154 0.036057692307692304
0 0.5408653846153846 0.4519230769230769 0.03365384615384615 0.055288461538461536
0 0.6177884615384616 0.45913461538461536 0.038461538461538464 0.04567307692307692
0 0.5697115384615384 0.46153846153846156 0.03125 0.038461538461538464
0 0.7379807692307693 0.46634615384615385 0.03125 0.04326923076923077
0 0.71875 0.46634615384615385 0.028846153846153848 0.03365384615384615
0 0.7596153846153846 0.4639423076923077 0.02403846153846154 0.03365384615384615