0 0.28365384615384615 0.34375 0.12980769230769232 0.18269230769230768
0 0.7379807692307693 0.4375 0.12980769230769232 0.17307692307692307
0 0.46875 0.39663461538461536 0.11778846153846154 0.15384615384615385
0 0.8485576923076923 0.34134615384615385 0.12740384615384615 0.16826923076923078
0 0.7259615384615384 0.3485576923076923 0.10336538461538461 0.10096153846153846
0 0.1658653846153846 0.3605769230769231 0.10336538461538461 0.1201923076923077
0 0.06009615384615385 0.33413461538461536 0.11778846153846154 0.1658653846153846
0 0.6514423076923077 0.39903846153846156 0.07451923076923077 0.13221153846153846
0 0.9519230769230769 0.33653846153846156 0.08653846153846154 0.17548076923076922
0 0.5264423076923077 0.37259615384615385 0.0625 0.14182692307692307
0 0.3485576923076923 0.3798076923076923 0.0673076923076923 0.15384615384615385
0 0.2848557692307692 0.07692307692307693 0.13221153846153846 0.15384615384615385
0 0.7391826923076923 0.027644230769230768 0.13221153846153846 0.055288461538461536
0 0.46875 0.04326923076923077 0.1201923076923077 0.08653846153846154
0 0.8485576923076923 0.07451923076923077 0.12980769230769232 0.14903846153846154
0 0.7259615384615384 0.055288461538461536 0.10336538461538461 0.10096153846153846
0 0.1658653846153846 0.052884615384615384 0.10576923076923077 0.10576923076923077
0 0.06009615384615385 0.07692307692307693 0.1201923076923077 0.15384615384615385
0 0.6514423076923077 0.036057692307692304 0.07692307692307693 0.07211538461538461
0 0.953125 0.078125 0.0889423076923077 0.15625
0 0.5276442307692307 0.051682692307692304 0.06490384615384616 0.10336538461538461
0 0.34975961538461536 0.051682692307692304 0.06971153846153846 0.10336538461538461