1 0.7043269230769231 0.3076923076923077 0.0889423076923077 0.125
1 0.4206730769230769 0.3293269230769231 0.10096153846153846 0.11778846153846154
1 0.5841346153846154 0.3581730769230769 0.10096153846153846 0.12740384615384615
1 0.3269230769230769 0.36538461538461536 0.10096153846153846 0.1201923076923077
1 0.21153846153846154 0.30528846153846156 0.10817307692307693 0.12259615384615384
1 0.8461538461538461 0.34134615384615385 0.10096153846153846 0.125
1 0.7043269230769231 0.04447115384615385 0.09134615384615384 0.0889423076923077
1 0.421875 0.03125 0.10336538461538461 0.0625
1 0.5853365384615384 0.019230769230769232 0.10336538461538461 0.038461538461538464
1 0.328125 0.014423076923076924 0.10336538461538461 0.028846153846153848
1 0.21153846153846154 0.04447115384615385 0.11057692307692307 0.0889423076923077
1 0.8473557692307693 0.027644230769230768 0.10336538461538461 0.055288461538461536