1 0.5240384615384616 0.7019230769230769 0.038461538461538464 0.036057692307692304
1 0.5793269230769231 0.6875 0.03365384615384615 0.038461538461538464
1 0.6418269230769231 0.6971153846153846 0.040865384615384616 0.04807692307692308
0 0.6826923076923077 0.7620192307692307 0.057692307692307696 0.05048076923076923
2 0.6850961538461539 0.78125 0.1346153846153846 0.09134615384615384
2 0.5096153846153846 0.7524038461538461 0.0673076923076923 0.14903846153846154
2 0.5769230769230769 0.7475961538461539 0.07692307692307693 0.15865384615384615
2 0.6490384615384616 0.7427884615384616 0.07211538461538461 0.13221153846153846
1 0.5240384615384616 0.9567307692307693 0.038461538461538464 0.036057692307692304
1 0.5793269230769231 0.9711538461538461 0.03365384615384615 0.038461538461538464
1 0.6418269230769231 0.9615384615384616 0.040865384615384616 0.04807692307692308
0 0.6826923076923077 0.8966346153846154 0.057692307692307696 0.05048076923076923
2 0.6850961538461539 0.8774038461538461 0.1346153846153846 0.09134615384615384
2 0.5096153846153846 0.90625 0.0673076923076923 0.14903846153846154
2 0.5769230769230769 0.9110576923076923 0.07692307692307693 0.15865384615384615
2 0.6490384615384616 0.9158653846153846 0.07211538461538461 0.13221153846153846