1 0.07692307692307693 0.4519230769230769 0.016826923076923076 0.019230769230769232
1 0.44711538461538464 0.43509615384615385 0.019230769230769232 0.016826923076923076
1 0.5120192307692307 0.49759615384615385 0.02403846153846154 0.021634615384615384
1 0.8100961538461539 0.5120192307692307 0.028846153846153848 0.036057692307692304
1 0.9326923076923077 0.5192307692307693 0.036057692307692304 0.03365384615384615
1 0.6754807692307693 0.44711538461538464 0.014423076923076924 0.014423076923076924
1 0.6634615384615384 0.43990384615384615 0.014423076923076924 0.014423076923076924
1 0.25240384615384615 0.40384615384615385 0.009615384615384616 0.014423076923076924
1 0.23798076923076922 0.4110576923076923 0.009615384615384616 0.01201923076923077
2 0.07211538461538461 0.49038461538461536 0.038461538461538464 0.09134615384615384
2 0.23798076923076922 0.4326923076923077 0.014423076923076924 0.057692307692307696
2 0.2548076923076923 0.4254807692307692 0.016826923076923076 0.04807692307692308
2 0.5144230769230769 0.5528846153846154 0.038461538461538464 0.1346153846153846
2 0.43990384615384615 0.45913461538461536 0.03125 0.0673076923076923
2 0.6826923076923077 0.4855769230769231 0.028846153846153848 0.09134615384615384
2 0.6610576923076923 0.47115384615384615 0.019230769230769232 0.07932692307692307
2 0.8076923076923077 0.5793269230769231 0.07211538461538461 0.15384615384615385
2 0.9423076923076923 0.6057692307692307 0.10096153846153846 0.19951923076923078
1 0.07692307692307693 0.125 0.016826923076923076 0.019230769230769232
1 0.07692307692307693 0.9615384615384616 0.016826923076923076 0.019230769230769232
1 0.44711538461538464 0.14182692307692307 0.019230769230769232 0.016826923076923076
1 0.44711538461538464 0.9783653846153846 0.019230769230769232 0.016826923076923076
1 0.5120192307692307 0.07932692307692307 0.02403846153846154 0.021634615384615384
1 0.5120192307692307 0.9158653846153846 0.02403846153846154 0.021634615384615384
1 0.8100961538461539 0.06490384615384616 0.028846153846153848 0.036057692307692304
1 0.8100961538461539 0.9014423076923077 0.028846153846153848 0.036057692307692304
1 0.9326923076923077 0.057692307692307696 0.036057692307692304 0.03365384615384615
1 0.9326923076923077 0.8942307692307693 0.036057692307692304 0.03365384615384615
1 0.6754807692307693 0.12980769230769232 0.014423076923076924 0.014423076923076924
1 0.6754807692307693 0.9663461538461539 0.014423076923076924 0.014423076923076924
1 0.6634615384615384 0.13701923076923078 0.014423076923076924 0.014423076923076924
1 0.6634615384615384 0.9735576923076923 0.014423076923076924 0.014423076923076924
1 0.25240384615384615 0.17307692307692307 0.009615384615384616 0.014423076923076924
1 0.23798076923076922 0.1658653846153846 0.009615384615384616 0.01201923076923077
1 0.23918269230769232 0.9963942307692307 0.01201923076923077 0.002403846153846154
2 0.07211538461538461 0.08653846153846154 0.038461538461538464 0.09134615384615384
2 0.07211538461538461 0.9230769230769231 0.038461538461538464 0.09134615384615384
2 0.23798076923076922 0.14423076923076922 0.014423076923076924 0.057692307692307696
2 0.23918269230769232 0.9747596153846154 0.016826923076923076 0.04567307692307692
2 0.2548076923076923 0.15144230769230768 0.016826923076923076 0.04807692307692308
2 0.2548076923076923 0.9807692307692307 0.019230769230769232 0.03365384615384615
2 0.515625 0.046875 0.040865384615384616 0.09375
2 0.5144230769230769 0.8605769230769231 0.038461538461538464 0.1346153846153846
2 0.43990384615384615 0.11778846153846154 0.03125 0.0673076923076923
2 0.43990384615384615 0.9543269230769231 0.03125 0.0673076923076923
2 0.6826923076923077 0.09134615384615384 0.028846153846153848 0.09134615384615384
2 0.6826923076923077 0.9278846153846154 0.028846153846153848 0.09134615384615384
2 0.6610576923076923 0.10576923076923077 0.019230769230769232 0.07932692307692307
2 0.6610576923076923 0.9423076923076923 0.019230769230769232 0.07932692307692307
2 0.8088942307692307 0.038461538461538464 0.07451923076923077 0.07692307692307693
2 0.8076923076923077 0.8341346153846154 0.07211538461538461 0.15384615384615385
2 0.9435096153846154 0.036057692307692304 0.10336538461538461 0.07211538461538461
2 0.9423076923076923 0.8076923076923077 0.10096153846153846 0.19951923076923078