1 0.12740384615384615 0.36538461538461536 0.07692307692307693 0.10336538461538461
1 0.32211538461538464 0.3269230769230769 0.1201923076923077 0.17067307692307693
1 0.7788461538461539 0.3798076923076923 0.0985576923076923 0.12980769230769232
1 0.9350961538461539 0.3581730769230769 0.08413461538461539 0.12980769230769232
1 0.03365384615384615 0.3798076923076923 0.0625 0.13942307692307693
1 0.5360576923076923 0.39903846153846156 0.10096153846153846 0.13701923076923078
1 0.6346153846153846 0.39903846153846156 0.10576923076923077 0.13221153846153846
1 0.24519230769230768 0.34134615384615385 0.07692307692307693 0.12740384615384615
1 0.6850961538461539 0.3485576923076923 0.05048076923076923 0.06490384615384616
1 0.3233173076923077 0.04567307692307692 0.12259615384615384 0.09134615384615384
1 0.9350961538461539 0.020432692307692308 0.08653846153846154 0.040865384615384616
1 0.24639423076923078 0.027644230769230768 0.07932692307692307 0.055288461538461536
1 0.6850961538461539 0.008413461538461538 0.052884615384615384 0.016826923076923076