1 0.2860576923076923 0.43509615384615385 0.07692307692307693 0.09375
1 0.47596153846153844 0.4206730769230769 0.08173076923076923 0.0985576923076923
1 0.20192307692307693 0.46875 0.10576923076923077 0.11778846153846154
1 0.4206730769230769 0.3173076923076923 0.06490384615384616 0.09375
1 0.5985576923076923 0.5913461538461539 0.11778846153846154 0.1346153846153846
1 0.875 0.5721153846153846 0.125 0.10576923076923077
1 0.7932692307692307 0.43028846153846156 0.08173076923076923 0.0673076923076923
1 0.2932692307692308 0.28365384615384615 0.05048076923076923 0.08413461538461539
1 0.47596153846153844 0.25721153846153844 0.052884615384615384 0.07211538461538461
1 0.7091346153846154 0.25240384615384615 0.06009615384615385 0.09375
1 0.375 0.6875 0.15865384615384615 0.1778846153846154
1 0.6514423076923077 0.45913461538461536 0.09375 0.11057692307692307
1 0.4206730769230769 0.036057692307692304 0.0673076923076923 0.07211538461538461
1 0.2932692307692308 0.057692307692307696 0.05048076923076923 0.08413461538461539
1 0.47596153846153844 0.08413461538461539 0.052884615384615384 0.07211538461538461
1 0.7091346153846154 0.0889423076923077 0.06009615384615385 0.09375
1 0.3762019230769231 0.9375 0.16105769230769232 0.11538461538461539