1 0.45913461538461536 0.24278846153846154 0.04807692307692308 0.04567307692307692
1 0.7451923076923077 0.8365384615384616 0.040865384615384616 0.04326923076923077
1 0.8100961538461539 0.8413461538461539 0.04567307692307692 0.04326923076923077
1 0.5769230769230769 0.2091346153846154 0.036057692307692304 0.05048076923076923
1 0.7620192307692307 0.8028846153846154 0.040865384615384616 0.026442307692307692
1 0.6418269230769231 0.22355769230769232 0.036057692307692304 0.03125
1 0.8004807692307693 0.8076923076923077 0.03365384615384615 0.036057692307692304
1 0.9471153846153846 0.8365384615384616 0.040865384615384616 0.04326923076923077
1 0.8822115384615384 0.8413461538461539 0.04567307692307692 0.04326923076923077
1 0.9302884615384616 0.8028846153846154 0.040865384615384616 0.026442307692307692
1 0.8918269230769231 0.8076923076923077 0.03365384615384615 0.036057692307692304