0 0.10336538461538461 0.38461538461538464 0.07932692307692307 0.08653846153846154
0 0.6947115384615384 0.41346153846153844 0.0673076923076923 0.08653846153846154
0 0.19230769230769232 0.4182692307692308 0.06009615384615385 0.07451923076923077
0 0.8221153846153846 0.4423076923076923 0.06009615384615385 0.0625
0 0.2980769230769231 0.4182692307692308 0.057692307692307696 0.06009615384615385
0 0.9038461538461539 0.4567307692307692 0.055288461538461536 0.06971153846153846
0 0.38461538461538464 0.43028846153846156 0.04567307692307692 0.057692307692307696
0 0.5793269230769231 0.41346153846153844 0.03365384615384615 0.057692307692307696
0 0.24519230769230768 0.43028846153846156 0.040865384615384616 0.06490384615384616
0 0.5528846153846154 0.4206730769230769 0.026442307692307692 0.055288461538461536
0 0.8653846153846154 0.41586538461538464 0.04567307692307692 0.055288461538461536
0 0.9615384615384616 0.4519230769230769 0.057692307692307696 0.07211538461538461