1 0.3557692307692308 0.43509615384615385 0.0673076923076923 0.08173076923076923
1 0.8461538461538461 0.4495192307692308 0.11538461538461539 0.1201923076923077
1 0.2644230769230769 0.4423076923076923 0.08413461538461539 0.10817307692307693
1 0.07211538461538461 0.41346153846153844 0.10096153846153846 0.10817307692307693
1 0.9375 0.4230769230769231 0.07932692307692307 0.12259615384615384
1 0.7283653846153846 0.4543269230769231 0.06490384615384616 0.06971153846153846
1 0.6105769230769231 0.47836538461538464 0.055288461538461536 0.055288461538461536
1 0.4254807692307692 0.42788461538461536 0.057692307692307696 0.09134615384615384
1 0.5384615384615384 0.5120192307692307 0.06490384615384616 0.07932692307692307
1 0.46634615384615385 0.46634615384615385 0.040865384615384616 0.06490384615384616
1 0.5552884615384616 0.4182692307692308 0.04326923076923077 0.0625