1 0.5528846153846154 0.3485576923076923 0.0625 0.08413461538461539
1 0.43509615384615385 0.2932692307692308 0.08413461538461539 0.11057692307692307
1 0.25 0.24278846153846154 0.11778846153846154 0.13942307692307693
1 0.7596153846153846 0.41586538461538464 0.04807692307692308 0.040865384615384616
1 0.6129807692307693 0.36538461538461536 0.057692307692307696 0.0673076923076923
1 0.7331730769230769 0.40384615384615385 0.0625 0.07211538461538461
1 0.8173076923076923 0.4375 0.026442307692307692 0.03365384615384615
1 0.7932692307692307 0.4206730769230769 0.026442307692307692 0.038461538461538464
1 0.8365384615384616 0.4375 0.021634615384615384 0.03125
1 0.5540865384615384 0.013221153846153846 0.06490384615384616 0.026442307692307692
1 0.43509615384615385 0.04807692307692308 0.08653846153846154 0.09615384615384616
1 0.25 0.0889423076923077 0.11778846153846154 0.13942307692307693