1 0.38461538461538464 0.5865384615384616 0.06009615384615385 0.0625
1 0.9110576923076923 0.5865384615384616 0.06490384615384616 0.0625
1 0.125 0.5793269230769231 0.06971153846153846 0.052884615384615384
1 0.7163461538461539 0.5985576923076923 0.06009615384615385 0.0625
1 0.8509615384615384 0.6129807692307693 0.08413461538461539 0.07451923076923077
1 0.27403846153846156 0.6201923076923077 0.057692307692307696 0.055288461538461536
1 0.7836538461538461 0.6274038461538461 0.03365384615384615 0.05048076923076923
1 0.7668269230769231 0.5432692307692307 0.03365384615384615 0.040865384615384616
1 0.6875 0.5528846153846154 0.038461538461538464 0.03125
1 0.38461538461538464 0.96875 0.0625 0.052884615384615384
1 0.9110576923076923 0.96875 0.0673076923076923 0.052884615384615384
1 0.125 0.9747596153846154 0.07211538461538461 0.040865384615384616
1 0.7163461538461539 0.9615384615384616 0.06009615384615385 0.0625
1 0.8509615384615384 0.9471153846153846 0.08413461538461539 0.07451923076923077
1 0.27403846153846156 0.9399038461538461 0.057692307692307696 0.055288461538461536
1 0.7836538461538461 0.9326923076923077 0.03365384615384615 0.05048076923076923