1 0.17067307692307693 0.5600961538461539 0.028846153846153848 0.036057692307692304
1 0.23798076923076922 0.5649038461538461 0.03125 0.03125
1 0.6778846153846154 0.5745192307692307 0.02403846153846154 0.026442307692307692
1 0.8293269230769231 0.5817307692307693 0.03125 0.038461538461538464
1 0.8028846153846154 0.5841346153846154 0.021634615384615384 0.03365384615384615
1 0.4639423076923077 0.5745192307692307 0.026442307692307692 0.026442307692307692
1 0.171875 0.9855769230769231 0.03125 0.019230769230769232
1 0.23798076923076922 0.984375 0.03365384615384615 0.021634615384615384
1 0.6778846153846154 0.9807692307692307 0.02403846153846154 0.026442307692307692
1 0.8293269230769231 0.9735576923076923 0.03125 0.038461538461538464
1 0.8028846153846154 0.9711538461538461 0.021634615384615384 0.03365384615384615
1 0.4639423076923077 0.9807692307692307 0.026442307692307692 0.026442307692307692