1 0.8653846153846154 0.33413461538461536 0.07211538461538461 0.08413461538461539
1 0.6442307692307693 0.34375 0.055288461538461536 0.06490384615384616
1 0.39903846153846156 0.36778846153846156 0.03125 0.038461538461538464
1 0.4375 0.3701923076923077 0.038461538461538464 0.052884615384615384
1 0.4807692307692308 0.3557692307692308 0.03125 0.040865384615384616
1 0.5024038461538461 0.35096153846153844 0.026442307692307692 0.040865384615384616
1 0.5360576923076923 0.35336538461538464 0.036057692307692304 0.04807692307692308
1 0.5865384615384616 0.34134615384615385 0.040865384615384616 0.057692307692307696
1 0.7668269230769231 0.35336538461538464 0.040865384615384616 0.05048076923076923
1 0.8125 0.3605769230769231 0.03365384615384615 0.040865384615384616
1 0.9831730769230769 0.33413461538461536 0.02403846153846154 0.07692307692307693
1 0.8653846153846154 0.10336538461538461 0.07211538461538461 0.08413461538461539
1 0.6442307692307693 0.09375 0.055288461538461536 0.06490384615384616
1 0.39903846153846156 0.06971153846153846 0.03125 0.038461538461538464
1 0.4375 0.0673076923076923 0.038461538461538464 0.052884615384615384
1 0.4807692307692308 0.08173076923076923 0.03125 0.040865384615384616
1 0.5024038461538461 0.08653846153846154 0.026442307692307692 0.040865384615384616
1 0.5360576923076923 0.08413461538461539 0.036057692307692304 0.04807692307692308
1 0.5865384615384616 0.09615384615384616 0.040865384615384616 0.057692307692307696
1 0.7668269230769231 0.08413461538461539 0.040865384615384616 0.05048076923076923
1 0.8125 0.07692307692307693 0.03365384615384615 0.040865384615384616
1 0.9831730769230769 0.10336538461538461 0.02403846153846154 0.07692307692307693