0 0.7163461538461539 0.3173076923076923 0.06971153846153846 0.07692307692307693
0 0.8557692307692307 0.3076923076923077 0.13942307692307693 0.15144230769230768
0 0.9519230769230769 0.35096153846153844 0.055288461538461536 0.07211538461538461
0 0.5576923076923077 0.3317307692307692 0.08653846153846154 0.1201923076923077
0 0.3293269230769231 0.34134615384615385 0.09615384615384616 0.10576923076923077
0 0.7956730769230769 0.35096153846153844 0.057692307692307696 0.10576923076923077
0 0.43990384615384615 0.3125 0.038461538461538464 0.04567307692307692
0 0.7163461538461539 0.027644230769230768 0.07211538461538461 0.055288461538461536
0 0.8569711538461539 0.05048076923076923 0.14182692307692307 0.10096153846153846
0 0.9519230769230769 0.009615384615384616 0.057692307692307696 0.019230769230769232
0 0.5588942307692307 0.03125 0.0889423076923077 0.0625
0 0.33052884615384615 0.02283653846153846 0.0985576923076923 0.04567307692307692
0 0.796875 0.018028846153846152 0.06009615384615385 0.036057692307692304
0 0.4411057692307692 0.021634615384615384 0.040865384615384616 0.04326923076923077