0 0.96875 0.6129807692307693 0.03365384615384615 0.04567307692307692
0 0.13701923076923078 0.5576923076923077 0.03125 0.040865384615384616
0 0.17548076923076922 0.5745192307692307 0.04326923076923077 0.052884615384615384
0 0.2620192307692308 0.5697115384615384 0.040865384615384616 0.04326923076923077
0 0.34375 0.5745192307692307 0.03365384615384615 0.03125
0 0.4014423076923077 0.5913461538461539 0.03365384615384615 0.04326923076923077
0 0.49278846153846156 0.6009615384615384 0.04567307692307692 0.04567307692307692
0 0.5240384615384616 0.5841346153846154 0.026442307692307692 0.03365384615384615
0 0.5504807692307693 0.5793269230769231 0.03365384615384615 0.04567307692307692
0 0.59375 0.5961538461538461 0.03125 0.03125
0 0.625 0.6057692307692307 0.04326923076923077 0.04807692307692308
0 0.6802884615384616 0.6105769230769231 0.036057692307692304 0.040865384615384616
0 0.7668269230769231 0.5985576923076923 0.04326923076923077 0.04807692307692308
0 0.84375 0.6057692307692307 0.038461538461538464 0.04567307692307692
0 0.9086538461538461 0.6225961538461539 0.040865384615384616 0.038461538461538464