1 0.18028846153846154 0.4735576923076923 0.0625 0.06971153846153846
1 0.3125 0.4807692307692308 0.057692307692307696 0.06971153846153846
1 0.23076923076923078 0.4639423076923077 0.05048076923076923 0.06490384615384616
1 0.5192307692307693 0.4639423076923077 0.04567307692307692 0.06009615384615385
1 0.40865384615384615 0.4567307692307692 0.052884615384615384 0.0673076923076923
0 0.06009615384615385 0.5024038461538461 0.03125 0.038461538461538464
0 0.125 0.4879807692307692 0.02403846153846154 0.03125
1 0.6442307692307693 0.46875 0.040865384615384616 0.0673076923076923
1 0.6875 0.46153846153846156 0.04567307692307692 0.055288461538461536
0 0.9423076923076923 0.47836538461538464 0.04326923076923077 0.06009615384615385
0 0.7307692307692307 0.4831730769230769 0.03365384615384615 0.040865384615384616