1 0.6129807692307693 0.4495192307692308 0.06009615384615385 0.06971153846153846
1 0.8197115384615384 0.5048076923076923 0.06490384615384616 0.10576923076923077
1 0.31009615384615385 0.5745192307692307 0.03365384615384615 0.052884615384615384
1 0.39903846153846156 0.6105769230769231 0.052884615384615384 0.06490384615384616
1 0.43990384615384615 0.5961538461538461 0.055288461538461536 0.057692307692307696
1 0.4639423076923077 0.5240384615384616 0.03365384615384615 0.040865384615384616
1 0.6826923076923077 0.4543269230769231 0.04807692307692308 0.055288461538461536
0 0.7644230769230769 0.5264423076923077 0.10336538461538461 0.14182692307692307
0 0.7355769230769231 0.4375 0.026442307692307692 0.03125
1 0.9206730769230769 0.5048076923076923 0.06490384615384616 0.10576923076923077
0 0.9591346153846154 0.5264423076923077 0.07211538461538461 0.14423076923076922