1 0.040865384615384616 0.40625 0.04567307692307692 0.07451923076923077
1 0.18028846153846154 0.46634615384615385 0.06009615384615385 0.07451923076923077
1 0.8581730769230769 0.45913461538461536 0.06009615384615385 0.052884615384615384
1 0.1778846153846154 0.2091346153846154 0.040865384615384616 0.052884615384615384
1 0.21394230769230768 0.3629807692307692 0.04567307692307692 0.06009615384615385
1 0.8317307692307693 0.3173076923076923 0.04567307692307692 0.052884615384615384
1 0.9639423076923077 0.3004807692307692 0.0625 0.055288461538461536
1 0.2283653846153846 0.20432692307692307 0.038461538461538464 0.04807692307692308
1 0.3918269230769231 0.24519230769230768 0.04807692307692308 0.052884615384615384
0 0.6466346153846154 0.3798076923076923 0.04567307692307692 0.052884615384615384
0 0.8365384615384616 0.6081730769230769 0.06009615384615385 0.04567307692307692
0 0.7067307692307693 0.24759615384615385 0.04807692307692308 0.04807692307692308
1 0.1778846153846154 0.12259615384615384 0.040865384615384616 0.052884615384615384
1 0.8317307692307693 0.021634615384615384 0.04807692307692308 0.04326923076923077
1 0.9639423076923077 0.03125 0.0625 0.055288461538461536
1 0.2283653846153846 0.12740384615384615 0.038461538461538464 0.04807692307692308
1 0.3918269230769231 0.08653846153846154 0.04807692307692308 0.052884615384615384
0 0.7067307692307693 0.08413461538461539 0.04807692307692308 0.04807692307692308