0 0.13221153846153846 0.34615384615384615 0.15384615384615385 0.17067307692307693
0 0.7548076923076923 0.3173076923076923 0.12980769230769232 0.15384615384615385
0 0.6129807692307693 0.3581730769230769 0.07451923076923077 0.10336538461538461
0 0.375 0.39903846153846156 0.09615384615384616 0.12259615384615384
0 0.49278846153846156 0.375 0.06490384615384616 0.07692307692307693
0 0.25 0.40384615384615385 0.040865384615384616 0.04567307692307692
0 0.3004807692307692 0.3918269230769231 0.040865384615384616 0.052884615384615384
0 0.5841346153846154 0.18990384615384615 0.03125 0.03125
0 0.6370192307692307 0.19230769230769232 0.028846153846153848 0.038461538461538464
0 0.6923076923076923 0.1971153846153846 0.021634615384615384 0.036057692307692304
0 0.27403846153846156 0.28365384615384615 0.026442307692307692 0.03125
0 0.31490384615384615 0.19230769230769232 0.021634615384615384 0.03365384615384615
0 0.34375 0.19471153846153846 0.021634615384615384 0.02403846153846154
0 0.39663461538461536 0.18269230769230768 0.021634615384615384 0.026442307692307692
0 0.3798076923076923 0.19230769230769232 0.019230769230769232 0.03125
0 0.36538461538461536 0.20192307692307693 0.019230769230769232 0.028846153846153848
0 0.13341346153846154 0.038461538461538464 0.15625 0.07692307692307693
0 0.7560096153846154 0.04927884615384615 0.13221153846153846 0.0985576923076923
0 0.6129807692307693 0.015625 0.07692307692307693 0.03125
0 0.5841346153846154 0.1466346153846154 0.03125 0.03125
0 0.6370192307692307 0.14423076923076922 0.028846153846153848 0.038461538461538464
0 0.6923076923076923 0.13942307692307693 0.021634615384615384 0.036057692307692304
0 0.27403846153846156 0.052884615384615384 0.026442307692307692 0.03125
0 0.31490384615384615 0.14423076923076922 0.021634615384615384 0.03365384615384615
0 0.34375 0.14182692307692307 0.021634615384615384 0.02403846153846154
0 0.39663461538461536 0.15384615384615385 0.021634615384615384 0.026442307692307692
0 0.3798076923076923 0.14423076923076922 0.019230769230769232 0.03125
0 0.36538461538461536 0.1346153846153846 0.019230769230769232 0.028846153846153848