1 0.6586538461538461 0.41346153846153844 0.057692307692307696 0.08173076923076923
1 0.5264423076923077 0.40384615384615385 0.057692307692307696 0.06971153846153846
1 0.07692307692307693 0.3894230769230769 0.06490384615384616 0.07932692307692307
1 0.38461538461538464 0.3942307692307692 0.057692307692307696 0.06971153846153846
1 0.2091346153846154 0.4182692307692308 0.057692307692307696 0.06971153846153846
1 0.30288461538461536 0.3894230769230769 0.04807692307692308 0.0625
1 0.13701923076923078 0.41346153846153844 0.04807692307692308 0.055288461538461536
0 0.84375 0.43028846153846156 0.04326923076923077 0.052884615384615384
1 0.016826923076923076 0.4182692307692308 0.028846153846153848 0.055288461538461536
1 0.2692307692307692 0.41586538461538464 0.036057692307692304 0.04807692307692308
0 0.4519230769230769 0.40384615384615385 0.04326923076923077 0.057692307692307696
0 0.5793269230769231 0.43028846153846156 0.026442307692307692 0.038461538461538464
0 0.7620192307692307 0.4423076923076923 0.02403846153846154 0.03365384615384615
0 0.8052884615384616 0.4423076923076923 0.03125 0.03365384615384615
0 0.9014423076923077 0.43028846153846156 0.04326923076923077 0.04567307692307692
0 0.6081730769230769 0.43509615384615385 0.021634615384615384 0.03125
0 0.9350961538461539 0.43028846153846156 0.026442307692307692 0.03365384615384615
0 0.96875 0.4326923076923077 0.02403846153846154 0.03365384615384615
1 0.6598557692307693 0.014423076923076924 0.06009615384615385 0.028846153846153848
1 0.5276442307692307 0.015625 0.06009615384615385 0.03125
1 0.07692307692307693 0.025240384615384616 0.0673076923076923 0.05048076923076923
1 0.3858173076923077 0.020432692307692308 0.06009615384615385 0.040865384615384616
1 0.21033653846153846 0.008413461538461538 0.06009615384615385 0.016826923076923076
1 0.30408653846153844 0.021634615384615384 0.05048076923076923 0.04326923076923077
1 0.13822115384615385 0.007211538461538462 0.05048076923076923 0.014423076923076924
1 0.2692307692307692 0.004807692307692308 0.038461538461538464 0.009615384615384616
0 0.453125 0.013221153846153846 0.04567307692307692 0.026442307692307692