1 0.4879807692307692 0.35096153846153844 0.0673076923076923 0.09375
1 0.6177884615384616 0.35336538461538464 0.06490384615384616 0.08653846153846154
1 0.9086538461538461 0.3629807692307692 0.07692307692307693 0.09134615384615384
1 0.2932692307692308 0.3557692307692308 0.0673076923076923 0.08653846153846154
1 0.7596153846153846 0.38461538461538464 0.057692307692307696 0.06971153846153846
1 0.4375 0.3798076923076923 0.04807692307692308 0.0625
1 0.10576923076923077 0.3918269230769231 0.036057692307692304 0.0673076923076923
1 0.8413461538461539 0.39663461538461536 0.04807692307692308 0.052884615384615384
1 0.5456730769230769 0.39903846153846156 0.04807692307692308 0.06490384615384616
1 0.21634615384615385 0.39663461538461536 0.04807692307692308 0.06490384615384616
1 0.14423076923076922 0.41346153846153844 0.038461538461538464 0.05048076923076923
1 0.07932692307692307 0.4014423076923077 0.026442307692307692 0.06490384615384616
1 0.6706730769230769 0.38221153846153844 0.04567307692307692 0.07932692307692307
1 0.7932692307692307 0.4014423076923077 0.036057692307692304 0.0625
1 0.4891826923076923 0.014423076923076924 0.06971153846153846 0.028846153846153848
1 0.6177884615384616 0.01201923076923077 0.0673076923076923 0.02403846153846154
1 0.29447115384615385 0.010817307692307692 0.06971153846153846 0.021634615384615384