1 0.7091346153846154 0.31009615384615385 0.06490384615384616 0.08173076923076923
0 0.8389423076923077 0.3125 0.0673076923076923 0.07692307692307693
0 0.4639423076923077 0.32211538461538464 0.06490384615384616 0.07932692307692307
0 0.30528846153846156 0.3076923076923077 0.06490384615384616 0.08653846153846154
0 0.6201923076923077 0.33653846153846156 0.057692307692307696 0.0673076923076923
0 0.1346153846153846 0.2956730769230769 0.07211538461538461 0.08173076923076923
0 0.35336538461538464 0.31009615384615385 0.057692307692307696 0.08413461538461539
0 0.22115384615384615 0.3293269230769231 0.04326923076923077 0.055288461538461536
0 0.0673076923076923 0.3485576923076923 0.04567307692307692 0.06971153846153846
1 0.7091346153846154 0.03245192307692308 0.0673076923076923 0.06490384615384616
0 0.8401442307692307 0.030048076923076924 0.06971153846153846 0.06009615384615385
0 0.4639423076923077 0.025240384615384616 0.0673076923076923 0.05048076923076923
0 0.30528846153846156 0.03485576923076923 0.0673076923076923 0.06971153846153846
0 0.6213942307692307 0.015625 0.06009615384615385 0.03125
0 0.13581730769230768 0.039663461538461536 0.07451923076923077 0.07932692307692307
0 0.3545673076923077 0.03245192307692308 0.06009615384615385 0.06490384615384616
0 0.22235576923076922 0.015625 0.04567307692307692 0.03125
0 0.0673076923076923 0.009615384615384616 0.04807692307692308 0.019230769230769232