1 0.11778846153846154 0.21875 0.11538461538461539 0.09615384615384616
1 0.3389423076923077 0.33653846153846156 0.04807692307692308 0.057692307692307696
1 0.5 0.4326923076923077 0.055288461538461536 0.057692307692307696
1 0.43990384615384615 0.25 0.052884615384615384 0.057692307692307696
1 0.5192307692307693 0.25961538461538464 0.040865384615384616 0.04807692307692308
1 0.5673076923076923 0.2548076923076923 0.04567307692307692 0.0625
1 0.11778846153846154 0.11778846153846154 0.11538461538461539 0.09615384615384616
1 0.3401442307692308 0.015625 0.05048076923076923 0.03125
1 0.43990384615384615 0.08653846153846154 0.052884615384615384 0.057692307692307696
1 0.5192307692307693 0.07692307692307693 0.040865384615384616 0.04807692307692308
1 0.5673076923076923 0.08173076923076923 0.04567307692307692 0.0625