1 0.5625 0.4879807692307692 0.04326923076923077 0.036057692307692304
1 0.1971153846153846 0.4879807692307692 0.04567307692307692 0.06490384615384616
1 0.7379807692307693 0.41346153846153844 0.04807692307692308 0.04567307692307692
1 0.29086538461538464 0.45913461538461536 0.038461538461538464 0.05048076923076923
1 0.6682692307692307 0.5144230769230769 0.05048076923076923 0.040865384615384616
1 0.6370192307692307 0.5144230769230769 0.04326923076923077 0.038461538461538464
1 0.4230769230769231 0.4807692307692308 0.028846153846153848 0.028846153846153848
1 0.3870192307692308 0.4543269230769231 0.028846153846153848 0.028846153846153848
1 0.36538461538461536 0.44711538461538464 0.02403846153846154 0.03365384615384615
1 0.10096153846153846 0.4879807692307692 0.04567307692307692 0.06490384615384616
1 0.9615384615384616 0.41346153846153844 0.04807692307692308 0.04567307692307692
1 0.014423076923076924 0.45913461538461536 0.028846153846153848 0.052884615384615384