0 0.06490384615384616 0.47596153846153844 0.0889423076923077 0.10576923076923077
0 0.37740384615384615 0.47115384615384615 0.0673076923076923 0.0889423076923077
0 0.84375 0.46875 0.0673076923076923 0.07692307692307693
0 0.22115384615384615 0.49759615384615385 0.11778846153846154 0.16105769230769232
0 0.7451923076923077 0.49038461538461536 0.10096153846153846 0.11778846153846154
0 0.6177884615384616 0.4543269230769231 0.04807692307692308 0.057692307692307696
0 0.5144230769230769 0.38221153846153844 0.04567307692307692 0.05048076923076923
0 0.5096153846153846 0.4519230769230769 0.057692307692307696 0.06490384615384616
0 0.6658653846153846 0.42788461538461536 0.040865384615384616 0.04807692307692308
0 0.9110576923076923 0.4519230769230769 0.055288461538461536 0.0625
0 0.9471153846153846 0.43990384615384615 0.04807692307692308 0.05048076923076923