0 0.6298076923076923 0.42788461538461536 0.055288461538461536 0.06971153846153846
0 0.6923076923076923 0.4326923076923077 0.06490384615384616 0.08173076923076923
0 0.17548076923076922 0.42788461538461536 0.05048076923076923 0.07692307692307693
0 0.22355769230769232 0.42788461538461536 0.04567307692307692 0.0673076923076923
0 0.5384615384615384 0.43028846153846156 0.05048076923076923 0.0673076923076923
0 0.3918269230769231 0.44471153846153844 0.05048076923076923 0.0625
0 0.03365384615384615 0.4639423076923077 0.05048076923076923 0.057692307692307696
0 0.04567307692307692 0.43028846153846156 0.038461538461538464 0.04567307692307692
0 0.3245192307692308 0.4326923076923077 0.038461538461538464 0.04807692307692308
0 0.2980769230769231 0.43028846153846156 0.028846153846153848 0.052884615384615384
0 0.4519230769230769 0.4423076923076923 0.036057692307692304 0.052884615384615384