0 0.46875 0.3293269230769231 0.0625 0.07451923076923077
0 0.6875 0.3004807692307692 0.06971153846153846 0.08173076923076923
0 0.8605769230769231 0.25 0.10576923076923077 0.10576923076923077
0 0.6322115384615384 0.32211538461538464 0.055288461538461536 0.0673076923076923
0 0.8004807692307693 0.3125 0.06490384615384616 0.07211538461538461
0 0.31490384615384615 0.33653846153846156 0.05048076923076923 0.06490384615384616
0 0.38221153846153844 0.39903846153846156 0.036057692307692304 0.03365384615384615
0 0.4699519230769231 0.020432692307692308 0.06490384615384616 0.040865384615384616
0 0.6875 0.037259615384615384 0.07211538461538461 0.07451923076923077
0 0.8605769230769231 0.08173076923076923 0.10576923076923077 0.10576923076923077
0 0.6322115384615384 0.02283653846153846 0.057692307692307696 0.04567307692307692
0 0.8004807692307693 0.028846153846153848 0.0673076923076923 0.057692307692307696
0 0.31490384615384615 0.014423076923076924 0.052884615384615384 0.028846153846153848