1 0.41346153846153844 0.3076923076923077 0.07932692307692307 0.07211538461538461
1 0.84375 0.15625 0.057692307692307696 0.052884615384615384
1 0.5336538461538461 0.1778846153846154 0.04567307692307692 0.04807692307692308
1 0.41586538461538464 0.15625 0.05048076923076923 0.052884615384615384
1 0.3293269230769231 0.15865384615384615 0.036057692307692304 0.038461538461538464
1 0.23798076923076922 0.16105769230769232 0.036057692307692304 0.04567307692307692
1 0.125 0.15384615384615385 0.04567307692307692 0.036057692307692304
1 0.7548076923076923 0.18990384615384615 0.04326923076923077 0.040865384615384616
1 0.84375 0.09375 0.057692307692307696 0.052884615384615384
1 0.5336538461538461 0.07211538461538461 0.04567307692307692 0.04807692307692308
1 0.41586538461538464 0.09375 0.05048076923076923 0.052884615384615384
1 0.3293269230769231 0.09134615384615384 0.036057692307692304 0.038461538461538464
1 0.23798076923076922 0.0889423076923077 0.036057692307692304 0.04567307692307692
1 0.125 0.09615384615384616 0.04567307692307692 0.036057692307692304
1 0.7548076923076923 0.06009615384615385 0.04326923076923077 0.040865384615384616