1 0.41586538461538464 0.4326923076923077 0.08173076923076923 0.09134615384615384
1 0.6129807692307693 0.4206730769230769 0.06971153846153846 0.06971153846153846
1 0.7331730769230769 0.18990384615384615 0.055288461538461536 0.038461538461538464
1 0.3894230769230769 0.25 0.040865384615384616 0.04567307692307692
1 0.7668269230769231 0.20192307692307693 0.040865384615384616 0.04567307692307692
1 0.8149038461538461 0.20432692307692307 0.02403846153846154 0.03365384615384615
1 0.8701923076923077 0.19230769230769232 0.02403846153846154 0.028846153846153848
1 0.8870192307692307 0.20192307692307693 0.02403846153846154 0.026442307692307692
1 0.7331730769230769 0.1466346153846154 0.055288461538461536 0.038461538461538464
1 0.3894230769230769 0.08653846153846154 0.040865384615384616 0.04567307692307692
1 0.7668269230769231 0.1346153846153846 0.040865384615384616 0.04567307692307692
1 0.8149038461538461 0.13221153846153846 0.02403846153846154 0.03365384615384615
1 0.8701923076923077 0.14423076923076922 0.02403846153846154 0.028846153846153848
1 0.8870192307692307 0.1346153846153846 0.02403846153846154 0.026442307692307692