1 0.03125 0.33653846153846156 0.06009615384615385 0.14182692307692307
1 0.055288461538461536 0.27403846153846156 0.09375 0.12740384615384615
1 0.14182692307692307 0.3173076923076923 0.0889423076923077 0.09134615384615384
1 0.31971153846153844 0.3245192307692308 0.0625 0.06490384615384616
1 0.3125 0.28846153846153844 0.05048076923076923 0.04567307692307692
1 0.4014423076923077 0.2860576923076923 0.052884615384615384 0.0625
1 0.5817307692307693 0.32211538461538464 0.04567307692307692 0.057692307692307696
1 0.7307692307692307 0.2668269230769231 0.06490384615384616 0.08413461538461539
1 0.7019230769230769 0.27884615384615385 0.036057692307692304 0.07211538461538461
1 0.8918269230769231 0.29086538461538464 0.08173076923076923 0.09134615384615384
1 0.03125 0.036057692307692304 0.0625 0.07211538461538461
1 0.055288461538461536 0.06370192307692307 0.09615384615384616 0.12740384615384615
1 0.14182692307692307 0.03365384615384615 0.09134615384615384 0.0673076923076923
1 0.32091346153846156 0.02283653846153846 0.06490384615384616 0.04567307692307692
1 0.3125 0.04807692307692308 0.05048076923076923 0.04567307692307692
1 0.4014423076923077 0.05048076923076923 0.052884615384615384 0.0625
1 0.5817307692307693 0.02283653846153846 0.04807692307692308 0.04567307692307692
1 0.7307692307692307 0.06971153846153846 0.06490384615384616 0.08413461538461539
1 0.7019230769230769 0.057692307692307696 0.036057692307692304 0.07211538461538461
1 0.8918269230769231 0.04567307692307692 0.08173076923076923 0.09134615384615384