0 0.09615384615384616 0.34375 0.16346153846153846 0.18028846153846154
1 0.20432692307692307 0.3701923076923077 0.10576923076923077 0.14423076923076922
1 0.35096153846153844 0.3798076923076923 0.06490384615384616 0.0889423076923077
1 0.4807692307692308 0.3629807692307692 0.08413461538461539 0.11057692307692307
1 0.7091346153846154 0.37259615384615385 0.06971153846153846 0.09615384615384616
1 0.5961538461538461 0.39663461538461536 0.0625 0.06971153846153846
1 0.875 0.3629807692307692 0.09375 0.10817307692307693
1 0.9543269230769231 0.3870192307692308 0.08173076923076923 0.0985576923076923
0 0.09735576923076923 0.039663461538461536 0.1658653846153846 0.07932692307692307
1 0.20552884615384615 0.018028846153846152 0.10817307692307693 0.036057692307692304
1 0.4807692307692308 0.013221153846153846 0.08653846153846154 0.026442307692307692
1 0.875 0.01201923076923077 0.09615384615384616 0.02403846153846154