1 0.8317307692307693 0.31971153846153844 0.08173076923076923 0.10096153846153846
1 0.11298076923076923 0.3317307692307692 0.06971153846153846 0.09134615384615384
1 0.6298076923076923 0.34134615384615385 0.0673076923076923 0.0889423076923077
1 0.34375 0.33653846153846156 0.06490384615384616 0.0889423076923077
1 0.5048076923076923 0.34615384615384615 0.06009615384615385 0.09375
1 0.4567307692307692 0.3389423076923077 0.05048076923076923 0.08653846153846154
1 0.7043269230769231 0.37259615384615385 0.04567307692307692 0.055288461538461536
0 0.21875 0.34375 0.06490384615384616 0.0673076923076923
0 0.27884615384615385 0.34375 0.040865384615384616 0.05048076923076923
1 0.7524038461538461 0.36778846153846156 0.038461538461538464 0.055288461538461536
0 0.14903846153846154 0.3389423076923077 0.038461538461538464 0.052884615384615384
0 0.07692307692307693 0.35336538461538464 0.038461538461538464 0.06971153846153846
0 0.5721153846153846 0.3581730769230769 0.038461538461538464 0.03365384615384615
0 0.41346153846153844 0.3485576923076923 0.03365384615384615 0.040865384615384616
1 0.8329326923076923 0.03245192307692308 0.08413461538461539 0.06490384615384616
1 0.11298076923076923 0.02403846153846154 0.07211538461538461 0.04807692307692308
1 0.6310096153846154 0.018028846153846152 0.06971153846153846 0.036057692307692304
1 0.34375 0.020432692307692308 0.0673076923076923 0.040865384615384616
1 0.5048076923076923 0.016826923076923076 0.0625 0.03365384615384615
1 0.4567307692307692 0.019230769230769232 0.052884615384615384 0.038461538461538464
0 0.21875 0.01201923076923077 0.0673076923076923 0.02403846153846154
0 0.27884615384615385 0.007211538461538462 0.04326923076923077 0.014423076923076924
0 0.1502403846153846 0.010817307692307692 0.040865384615384616 0.021634615384615384
0 0.078125 0.007211538461538462 0.040865384615384616 0.014423076923076924