0 0.07211538461538461 0.46634615384615385 0.14182692307692307 0.1658653846153846
0 0.8533653846153846 0.41586538461538464 0.07451923076923077 0.0889423076923077
0 0.22355769230769232 0.39663461538461536 0.06971153846153846 0.07932692307692307
0 0.6682692307692307 0.3701923076923077 0.052884615384615384 0.057692307692307696
0 0.6274038461538461 0.37740384615384615 0.04326923076923077 0.052884615384615384
0 0.2668269230769231 0.36538461538461536 0.04567307692307692 0.052884615384615384
0 0.36778846153846156 0.3485576923076923 0.03125 0.03125
0 0.5697115384615384 0.3581730769230769 0.04567307692307692 0.04807692307692308
0 0.5264423076923077 0.3485576923076923 0.028846153846153848 0.040865384615384616
0 0.5072115384615384 0.35336538461538464 0.016826923076923076 0.036057692307692304
0 0.49038461538461536 0.35336538461538464 0.021634615384615384 0.038461538461538464
0 0.46153846153846156 0.34375 0.02403846153846154 0.03365384615384615
0 0.4254807692307692 0.35336538461538464 0.028846153846153848 0.036057692307692304