0 0.3269230769230769 0.3317307692307692 0.0673076923076923 0.09134615384615384
0 0.7836538461538461 0.3317307692307692 0.07692307692307693 0.07451923076923077
0 0.4182692307692308 0.35336538461538464 0.057692307692307696 0.06971153846153846
0 0.6298076923076923 0.33413461538461536 0.07692307692307693 0.09134615384615384
0 0.5288461538461539 0.3605769230769231 0.052884615384615384 0.06971153846153846
0 0.5985576923076923 0.3389423076923077 0.03365384615384615 0.07451923076923077
0 0.9519230769230769 0.3605769230769231 0.028846153846153848 0.036057692307692304
0 0.328125 0.02403846153846154 0.06971153846153846 0.04807692307692308
0 0.7848557692307693 0.019230769230769232 0.07932692307692307 0.038461538461538464
0 0.41947115384615385 0.007211538461538462 0.06009615384615385 0.014423076923076924
0 0.6310096153846154 0.02283653846153846 0.07932692307692307 0.04567307692307692
0 0.5997596153846154 0.015625 0.036057692307692304 0.03125