1 0.31490384615384615 0.4519230769230769 0.057692307692307696 0.052884615384615384
1 0.22115384615384615 0.4543269230769231 0.052884615384615384 0.0625
0 0.2644230769230769 0.47596153846153844 0.052884615384615384 0.06009615384615385
0 0.4254807692307692 0.46153846153846156 0.04326923076923077 0.04567307692307692
0 0.5673076923076923 0.46875 0.03365384615384615 0.04326923076923077
0 0.5360576923076923 0.4423076923076923 0.036057692307692304 0.040865384615384616
0 0.5 0.44711538461538464 0.028846153846153848 0.036057692307692304
0 0.28846153846153844 0.46875 0.03125 0.05048076923076923
1 0.5889423076923077 0.43990384615384615 0.03365384615384615 0.04567307692307692
1 0.7139423076923077 0.4543269230769231 0.04326923076923077 0.05048076923076923
1 0.7860576923076923 0.4495192307692308 0.038461538461538464 0.04567307692307692
0 0.6610576923076923 0.46634615384615385 0.04567307692307692 0.04567307692307692
0 0.7668269230769231 0.4951923076923077 0.052884615384615384 0.055288461538461536
0 0.8822115384615384 0.4639423076923077 0.03125 0.036057692307692304
0 0.9591346153846154 0.46875 0.03365384615384615 0.036057692307692304