1 0.7283653846153846 0.40384615384615385 0.05048076923076923 0.04807692307692308
1 0.15384615384615385 0.53125 0.04807692307692308 0.04807692307692308
1 0.6490384615384616 0.42788461538461536 0.036057692307692304 0.052884615384615384
1 0.7620192307692307 0.4230769230769231 0.036057692307692304 0.052884615384615384
1 0.9110576923076923 0.35096153846153844 0.04567307692307692 0.04567307692307692
1 0.7283653846153846 0.16826923076923078 0.05048076923076923 0.04807692307692308
1 0.15384615384615385 0.040865384615384616 0.04807692307692308 0.04807692307692308
1 0.15384615384615385 0.8942307692307693 0.04807692307692308 0.04807692307692308
1 0.6490384615384616 0.14423076923076922 0.036057692307692304 0.052884615384615384
1 0.6490384615384616 0.9831730769230769 0.038461538461538464 0.02403846153846154
1 0.7620192307692307 0.14903846153846154 0.036057692307692304 0.052884615384615384
1 0.7620192307692307 0.9855769230769231 0.038461538461538464 0.019230769230769232
1 0.9110576923076923 0.22115384615384615 0.04567307692307692 0.04567307692307692