1 0.33653846153846156 0.40625 0.05048076923076923 0.06009615384615385
0 0.9038461538461539 0.37740384615384615 0.07692307692307693 0.09375
0 0.7115384615384616 0.3942307692307692 0.055288461538461536 0.0673076923076923
0 0.5793269230769231 0.3701923076923077 0.052884615384615384 0.0673076923076923
0 0.25 0.41346153846153844 0.040865384615384616 0.06009615384615385
0 0.1346153846153846 0.40384615384615385 0.057692307692307696 0.057692307692307696
0 0.2860576923076923 0.39903846153846156 0.038461538461538464 0.04567307692307692
0 0.38461538461538464 0.40625 0.036057692307692304 0.04807692307692308
0 0.4182692307692308 0.41346153846153844 0.028846153846153848 0.04807692307692308
0 0.44471153846153844 0.41346153846153844 0.028846153846153848 0.03125
0 0.5096153846153846 0.3918269230769231 0.04567307692307692 0.057692307692307696