1 0.4014423076923077 0.2548076923076923 0.14423076923076922 0.17548076923076922
1 0.6514423076923077 0.30528846153846156 0.14182692307692307 0.1971153846153846
1 0.08653846153846154 0.2548076923076923 0.14182692307692307 0.16826923076923078
1 0.8149038461538461 0.34375 0.16105769230769232 0.21153846153846154
1 0.9399038461538461 0.3173076923076923 0.057692307692307696 0.11778846153846154
1 0.9807692307692307 0.3125 0.03365384615384615 0.18509615384615385
1 0.4026442307692308 0.0829326923076923 0.1466346153846154 0.1658653846153846
1 0.6514423076923077 0.06370192307692307 0.14423076923076922 0.12740384615384615
1 0.08653846153846154 0.08173076923076923 0.14423076923076922 0.16346153846153846
1 0.8149038461538461 0.04807692307692308 0.16346153846153846 0.09615384615384616
1 0.9411057692307693 0.037259615384615384 0.06009615384615385 0.07451923076923077
1 0.9819711538461539 0.056490384615384616 0.036057692307692304 0.11298076923076923