1 0.2668269230769231 0.53125 0.03365384615384615 0.04326923076923077
1 0.5096153846153846 0.5480769230769231 0.03365384615384615 0.04326923076923077
1 0.47115384615384615 0.5552884615384616 0.03365384615384615 0.03125
1 0.5576923076923077 0.5600961538461539 0.03365384615384615 0.05048076923076923
1 0.6153846153846154 0.5456730769230769 0.036057692307692304 0.03365384615384615
1 0.6394230769230769 0.5384615384615384 0.021634615384615384 0.040865384615384616
1 0.6875 0.036057692307692304 0.026442307692307692 0.03125
1 0.3245192307692308 0.5360576923076923 0.02403846153846154 0.026442307692307692
1 0.06490384615384616 0.53125 0.03365384615384615 0.04326923076923077
1 0.9783653846153846 0.036057692307692304 0.026442307692307692 0.03125
1 0.010817307692307692 0.5360576923076923 0.021634615384615384 0.028846153846153848