1 0.4735576923076923 0.4206730769230769 0.057692307692307696 0.06971153846153846
1 0.33653846153846156 0.4206730769230769 0.055288461538461536 0.07211538461538461
1 0.2283653846153846 0.41586538461538464 0.057692307692307696 0.06971153846153846
1 0.8918269230769231 0.43028846153846156 0.04807692307692308 0.06490384615384616
1 0.6875 0.42788461538461536 0.04567307692307692 0.057692307692307696
1 0.10576923076923077 0.40384615384615385 0.055288461538461536 0.0673076923076923
1 0.6225961538461539 0.41586538461538464 0.04567307692307692 0.06971153846153846
1 0.28125 0.4254807692307692 0.03365384615384615 0.038461538461538464
0 0.5360576923076923 0.4254807692307692 0.036057692307692304 0.038461538461538464
1 0.8197115384615384 0.4230769230769231 0.021634615384615384 0.03365384615384615
1 0.7644230769230769 0.4182692307692308 0.04326923076923077 0.05048076923076923
1 0.18990384615384615 0.4230769230769231 0.026442307692307692 0.038461538461538464
1 0.040865384615384616 0.4326923076923077 0.028846153846153848 0.03365384615384615