0 0.08653846153846154 0.4519230769230769 0.04326923076923077 0.04807692307692308
0 0.14903846153846154 0.4326923076923077 0.055288461538461536 0.057692307692307696
0 0.2668269230769231 0.4375 0.04326923076923077 0.05048076923076923
0 0.6298076923076923 0.44471153846153844 0.06009615384615385 0.07211538461538461
0 0.8774038461538461 0.47115384615384615 0.11538461538461539 0.10817307692307693
0 0.8221153846153846 0.4567307692307692 0.03365384615384615 0.04326923076923077
0 0.7644230769230769 0.44471153846153844 0.04567307692307692 0.06009615384615385
0 0.6995192307692307 0.4567307692307692 0.036057692307692304 0.040865384615384616
0 0.5913461538461539 0.44711538461538464 0.036057692307692304 0.0625
0 0.5456730769230769 0.46634615384615385 0.05048076923076923 0.0625
0 0.5168269230769231 0.46634615384615385 0.03365384615384615 0.040865384615384616
0 0.4639423076923077 0.4519230769230769 0.057692307692307696 0.06009615384615385
0 0.3557692307692308 0.44471153846153844 0.052884615384615384 0.05048076923076923