0 0.47596153846153844 0.44471153846153844 0.036057692307692304 0.05048076923076923
0 0.08173076923076923 0.42788461538461536 0.055288461538461536 0.06009615384615385
0 0.21875 0.4423076923076923 0.04807692307692308 0.057692307692307696
0 0.18990384615384615 0.43509615384615385 0.03125 0.04326923076923077
0 0.28125 0.43028846153846156 0.040865384615384616 0.055288461538461536
0 0.3076923076923077 0.4495192307692308 0.038461538461538464 0.04567307692307692
0 0.35336538461538464 0.4567307692307692 0.040865384615384616 0.055288461538461536
0 0.3918269230769231 0.45913461538461536 0.03365384615384615 0.04807692307692308
0 0.6514423076923077 0.44471153846153844 0.055288461538461536 0.057692307692307696
0 0.9567307692307693 0.45913461538461536 0.03365384615384615 0.04567307692307692
0 0.9326923076923077 0.4639423076923077 0.026442307692307692 0.040865384615384616
0 0.8245192307692307 0.46875 0.04567307692307692 0.05048076923076923
0 0.7307692307692307 0.4519230769230769 0.040865384615384616 0.05048076923076923