0 0.17307692307692307 0.35096153846153844 0.10576923076923077 0.11298076923076923
0 0.8653846153846154 0.3629807692307692 0.06490384615384616 0.0889423076923077
0 0.5673076923076923 0.34134615384615385 0.08173076923076923 0.10817307692307693
0 0.34615384615384615 0.3317307692307692 0.09375 0.10576923076923077
0 0.7403846153846154 0.31971153846153844 0.10576923076923077 0.1346153846153846
0 0.9615384615384616 0.34375 0.055288461538461536 0.0889423076923077
0 0.5168269230769231 0.375 0.040865384615384616 0.0673076923076923
0 0.6201923076923077 0.3557692307692308 0.040865384615384616 0.0673076923076923
0 0.09615384615384616 0.37259615384615385 0.04807692307692308 0.0673076923076923
0 0.24519230769230768 0.3701923076923077 0.03125 0.04567307692307692
0 0.026442307692307692 0.38461538461538464 0.05048076923076923 0.06971153846153846
0 0.46634615384615385 0.37740384615384615 0.03125 0.038461538461538464
0 0.6490384615384616 0.36778846153846156 0.040865384615384616 0.055288461538461536
0 0.4182692307692308 0.3918269230769231 0.040865384615384616 0.05048076923076923
0 0.39663461538461536 0.35336538461538464 0.03365384615384615 0.057692307692307696
0 0.9807692307692307 0.3076923076923077 0.028846153846153848 0.12740384615384615
0 0.17427884615384615 0.019230769230769232 0.10817307692307693 0.038461538461538464
0 0.5685096153846154 0.02283653846153846 0.08413461538461539 0.04567307692307692
0 0.34615384615384615 0.027644230769230768 0.09615384615384616 0.055288461538461536
0 0.7415865384615384 0.040865384615384616 0.10817307692307693 0.08173076923076923
0 0.9615384615384616 0.016826923076923076 0.057692307692307696 0.03365384615384615
0 0.9819711538461539 0.04447115384615385 0.03125 0.0889423076923077