1 0.08173076923076923 0.25 0.0625 0.06490384615384616
1 0.40384615384615385 0.5120192307692307 0.04326923076923077 0.04567307692307692
1 0.7139423076923077 0.6322115384615384 0.04807692307692308 0.07451923076923077
1 0.5817307692307693 0.5048076923076923 0.036057692307692304 0.03365384615384615
1 0.5432692307692307 0.4831730769230769 0.038461538461538464 0.04326923076923077
1 0.11057692307692307 0.3629807692307692 0.05048076923076923 0.057692307692307696
1 0.43990384615384615 0.3557692307692308 0.040865384615384616 0.04567307692307692
1 0.7115384615384616 0.4206730769230769 0.04807692307692308 0.04567307692307692
1 0.6490384615384616 0.3076923076923077 0.036057692307692304 0.04807692307692308
1 0.14423076923076922 0.2548076923076923 0.036057692307692304 0.04326923076923077
1 0.5889423076923077 0.2956730769230769 0.03125 0.03365384615384615
1 0.71875 0.27163461538461536 0.02403846153846154 0.04326923076923077
1 0.6923076923076923 0.31490384615384615 0.036057692307692304 0.04567307692307692
1 0.17548076923076922 0.2860576923076923 0.03365384615384615 0.040865384615384616
1 0.4014423076923077 0.42788461538461536 0.038461538461538464 0.038461538461538464
1 0.35096153846153844 0.4423076923076923 0.028846153846153848 0.038461538461538464
1 0.41346153846153844 0.3293269230769231 0.028846153846153848 0.03125
1 0.37740384615384615 0.4423076923076923 0.03125 0.040865384615384616
1 0.08173076923076923 0.08173076923076923 0.0625 0.06490384615384616
1 0.6490384615384616 0.02403846153846154 0.036057692307692304 0.04807692307692308
1 0.14423076923076922 0.07692307692307693 0.036057692307692304 0.04326923076923077
1 0.5889423076923077 0.036057692307692304 0.03125 0.03365384615384615
1 0.71875 0.06009615384615385 0.02403846153846154 0.04326923076923077
1 0.6923076923076923 0.020432692307692308 0.038461538461538464 0.040865384615384616
1 0.17548076923076922 0.04567307692307692 0.03365384615384615 0.040865384615384616
1 0.41466346153846156 0.009615384615384616 0.03125 0.019230769230769232