0 0.8798076923076923 0.41586538461538464 0.08413461538461539 0.08653846153846154
0 0.6490384615384616 0.41346153846153844 0.055288461538461536 0.07211538461538461
0 0.5360576923076923 0.42788461538461536 0.0625 0.07211538461538461
0 0.7692307692307693 0.4110576923076923 0.06009615384615385 0.06490384615384616
0 0.59375 0.42788461538461536 0.04807692307692308 0.0625
0 0.3125 0.4206730769230769 0.04807692307692308 0.06490384615384616
0 0.18990384615384615 0.43990384615384615 0.052884615384615384 0.0673076923076923
0 0.026442307692307692 0.46153846153846156 0.04807692307692308 0.07211538461538461
0 0.2644230769230769 0.44471153846153844 0.04807692307692308 0.057692307692307696
0 0.3485576923076923 0.4326923076923077 0.04326923076923077 0.055288461538461536
0 0.40384615384615385 0.4254807692307692 0.040865384615384616 0.04567307692307692
0 0.9663461538461539 0.41346153846153844 0.03125 0.04567307692307692
0 0.6850961538461539 0.4182692307692308 0.03365384615384615 0.04807692307692308
0 0.7211538461538461 0.4230769230769231 0.03125 0.04807692307692308
0 0.8798076923076923 0.036057692307692304 0.08653846153846154 0.07211538461538461
0 0.6490384615384616 0.03365384615384615 0.057692307692307696 0.0673076923076923
0 0.5372596153846154 0.026442307692307692 0.06490384615384616 0.052884615384615384
0 0.7692307692307693 0.03245192307692308 0.0625 0.06490384615384616
0 0.5949519230769231 0.02403846153846154 0.05048076923076923 0.04807692307692308
0 0.3137019230769231 0.027644230769230768 0.05048076923076923 0.055288461538461536
0 0.19110576923076922 0.019230769230769232 0.055288461538461536 0.038461538461538464
0 0.027644230769230768 0.009615384615384616 0.05048076923076923 0.019230769230769232
0 0.265625 0.014423076923076924 0.05048076923076923 0.028846153846153848
0 0.34975961538461536 0.019230769230769232 0.04567307692307692 0.038461538461538464
0 0.40384615384615385 0.020432692307692308 0.04326923076923077 0.040865384615384616
0 0.9663461538461539 0.028846153846153848 0.03125 0.04567307692307692
0 0.6850961538461539 0.02403846153846154 0.03365384615384615 0.04807692307692308
0 0.7211538461538461 0.02283653846153846 0.03365384615384615 0.04567307692307692