0 0.03365384615384615 0.5096153846153846 0.03365384615384615 0.04326923076923077
0 0.11298076923076923 0.5216346153846154 0.021634615384615384 0.026442307692307692
0 0.19230769230769232 0.5192307692307693 0.014423076923076924 0.026442307692307692
0 0.15144230769230768 0.5120192307692307 0.040865384615384616 0.055288461538461536
0 0.3004807692307692 0.4879807692307692 0.038461538461538464 0.052884615384615384
0 0.34615384615384615 0.47836538461538464 0.03125 0.038461538461538464
0 0.3293269230769231 0.49278846153846156 0.021634615384615384 0.03365384615384615
0 0.3870192307692308 0.4831730769230769 0.03365384615384615 0.03365384615384615
0 0.4495192307692308 0.4879807692307692 0.03365384615384615 0.04567307692307692
0 0.4951923076923077 0.47596153846153844 0.052884615384615384 0.06490384615384616
0 0.8581730769230769 0.44471153846153844 0.036057692307692304 0.04326923076923077
0 0.6514423076923077 0.4567307692307692 0.04567307692307692 0.055288461538461536