1 0.6370192307692307 0.4375 0.07451923076923077 0.09375
1 0.3629807692307692 0.375 0.04567307692307692 0.0673076923076923
1 0.4735576923076923 0.4014423076923077 0.03125 0.040865384615384616
1 0.5240384615384616 0.39903846153846156 0.03125 0.038461538461538464
0 0.7668269230769231 0.3894230769230769 0.04807692307692308 0.057692307692307696
1 0.41346153846153844 0.3942307692307692 0.028846153846153848 0.038461538461538464
1 0.6370192307692307 0.02403846153846154 0.07692307692307693 0.04807692307692308
1 0.3629807692307692 0.0625 0.04567307692307692 0.0673076923076923
1 0.4735576923076923 0.036057692307692304 0.03125 0.040865384615384616
1 0.5240384615384616 0.038461538461538464 0.03125 0.038461538461538464
0 0.7668269230769231 0.04807692307692308 0.04807692307692308 0.057692307692307696
1 0.41346153846153844 0.04326923076923077 0.028846153846153848 0.038461538461538464