0 0.625 0.29086538461538464 0.15865384615384615 0.17307692307692307
0 0.5096153846153846 0.36778846153846156 0.11778846153846154 0.15865384615384615
0 0.3076923076923077 0.40384615384615385 0.0625 0.07451923076923077
0 0.39903846153846156 0.37259615384615385 0.11298076923076923 0.14182692307692307
0 0.8990384615384616 0.36778846153846156 0.08173076923076923 0.11298076923076923
0 0.4543269230769231 0.3701923076923077 0.11778846153846154 0.14423076923076922
0 0.9567307692307693 0.25240384615384615 0.07932692307692307 0.17067307692307693
0 0.6262019230769231 0.06490384615384616 0.16105769230769232 0.12980769230769232
0 0.5096153846153846 0.02283653846153846 0.1201923076923077 0.04567307692307692
0 0.39903846153846156 0.015625 0.11538461538461539 0.03125
0 0.4543269230769231 0.018028846153846152 0.1201923076923077 0.036057692307692304
0 0.9567307692307693 0.0829326923076923 0.08173076923076923 0.1658653846153846