1 0.19471153846153846 0.4326923076923077 0.04807692307692308 0.057692307692307696
1 0.7644230769230769 0.4326923076923077 0.04326923076923077 0.05048076923076923
1 0.12980769230769232 0.41346153846153844 0.05048076923076923 0.06009615384615385
1 0.2956730769230769 0.4230769230769231 0.038461538461538464 0.055288461538461536
1 0.37740384615384615 0.43028846153846156 0.040865384615384616 0.055288461538461536
1 0.41586538461538464 0.43990384615384615 0.03125 0.04326923076923077
1 0.47836538461538464 0.43990384615384615 0.026442307692307692 0.036057692307692304
1 0.5096153846153846 0.42788461538461536 0.03365384615384615 0.04807692307692308
1 0.5456730769230769 0.43509615384615385 0.02403846153846154 0.05048076923076923
1 0.5745192307692307 0.4254807692307692 0.038461538461538464 0.055288461538461536
1 0.6081730769230769 0.43990384615384615 0.03365384615384615 0.04807692307692308
1 0.6706730769230769 0.43509615384615385 0.040865384615384616 0.052884615384615384
1 0.71875 0.4326923076923077 0.040865384615384616 0.05048076923076923