1 0.28125 0.5048076923076923 0.05048076923076923 0.07692307692307693
1 0.8076923076923077 0.5072115384615384 0.06009615384615385 0.06490384615384616
1 0.5192307692307693 0.4831730769230769 0.04567307692307692 0.07211538461538461
1 0.38461538461538464 0.5 0.04807692307692308 0.06490384615384616
1 0.6466346153846154 0.47836538461538464 0.052884615384615384 0.0673076923076923
1 0.5817307692307693 0.49278846153846156 0.04807692307692308 0.06971153846153846
1 0.7163461538461539 0.36778846153846156 0.057692307692307696 0.07211538461538461
1 0.6153846153846154 0.35096153846153844 0.052884615384615384 0.06971153846153846
1 0.47115384615384615 0.4951923076923077 0.04567307692307692 0.06971153846153846
1 0.5240384615384616 0.23798076923076922 0.04807692307692308 0.07211538461538461
1 0.7451923076923077 0.5120192307692307 0.055288461538461536 0.06971153846153846
1 0.15384615384615385 0.49278846153846156 0.057692307692307696 0.0625
1 0.21153846153846154 0.47115384615384615 0.04807692307692308 0.055288461538461536
1 0.24519230769230768 0.42788461538461536 0.038461538461538464 0.06009615384615385
1 0.3557692307692308 0.3798076923076923 0.04326923076923077 0.07451923076923077
1 0.46153846153846156 0.36538461538461536 0.036057692307692304 0.0625
1 0.5252403846153846 0.025240384615384616 0.05048076923076923 0.05048076923076923