1 0.14182692307692307 0.49278846153846156 0.04567307692307692 0.057692307692307696
1 0.16826923076923078 0.28846153846153844 0.028846153846153848 0.040865384615384616
1 0.4735576923076923 0.19951923076923078 0.03125 0.038461538461538464
1 0.23798076923076922 0.38221153846153844 0.04326923076923077 0.04567307692307692
1 0.3317307692307692 0.30528846153846156 0.03365384615384615 0.04326923076923077
1 0.5144230769230769 0.38221153846153844 0.038461538461538464 0.040865384615384616
1 0.9711538461538461 0.6177884615384616 0.04807692307692308 0.055288461538461536
1 0.9326923076923077 0.4567307692307692 0.040865384615384616 0.052884615384615384
1 0.6370192307692307 0.38461538461538464 0.036057692307692304 0.040865384615384616
1 0.6706730769230769 0.30288461538461536 0.036057692307692304 0.04326923076923077
1 0.5336538461538461 0.3557692307692308 0.03365384615384615 0.038461538461538464
1 0.16826923076923078 0.04326923076923077 0.028846153846153848 0.040865384615384616
1 0.4735576923076923 0.13221153846153846 0.03125 0.038461538461538464
1 0.3317307692307692 0.026442307692307692 0.03365384615384615 0.04326923076923077
1 0.6706730769230769 0.028846153846153848 0.036057692307692304 0.04326923076923077