1 0.5240384615384616 0.43990384615384615 0.06971153846153846 0.0889423076923077
1 0.8677884615384616 0.46153846153846156 0.09375 0.11778846153846154
1 0.7091346153846154 0.45913461538461536 0.08173076923076923 0.10576923076923077
1 0.4639423076923077 0.43509615384615385 0.055288461538461536 0.08413461538461539
1 0.9375 0.4182692307692308 0.0625 0.08173076923076923
1 0.40384615384615385 0.4254807692307692 0.055288461538461536 0.09134615384615384
1 0.36778846153846156 0.42788461538461536 0.05048076923076923 0.09375
1 0.3004807692307692 0.4495192307692308 0.04567307692307692 0.06971153846153846
1 0.7067307692307693 0.45913461538461536 0.08653846153846154 0.09375
1 0.7235576923076923 0.4014423076923077 0.057692307692307696 0.06971153846153846
1 0.7716346153846154 0.4230769230769231 0.05048076923076923 0.0673076923076923
1 0.9086538461538461 0.4639423076923077 0.057692307692307696 0.10336538461538461