1 0.7379807692307693 0.3894230769230769 0.08413461538461539 0.10096153846153846
1 0.07211538461538461 0.44471153846153844 0.08173076923076923 0.09375
1 0.25961538461538464 0.41586538461538464 0.07211538461538461 0.09134615384615384
1 0.6009615384615384 0.40625 0.06009615384615385 0.07932692307692307
1 0.90625 0.43990384615384615 0.0625 0.08653846153846154
1 0.46634615384615385 0.4375 0.03365384615384615 0.04807692307692308
1 0.5408653846153846 0.4326923076923077 0.040865384615384616 0.055288461538461536
1 0.5048076923076923 0.4543269230769231 0.028846153846153848 0.040865384615384616
1 0.65625 0.41346153846153844 0.036057692307692304 0.055288461538461536
1 0.8533653846153846 0.4326923076923077 0.05048076923076923 0.08653846153846154
1 0.8052884615384616 0.43509615384615385 0.05048076923076923 0.06490384615384616