1 0.6778846153846154 0.37259615384615385 0.057692307692307696 0.07451923076923077
1 0.5504807692307693 0.38221153846153844 0.06009615384615385 0.08413461538461539
1 0.7403846153846154 0.3629807692307692 0.04807692307692308 0.07932692307692307
1 0.3485576923076923 0.3798076923076923 0.055288461538461536 0.07692307692307693
1 0.43990384615384615 0.3870192307692308 0.04326923076923077 0.06490384615384616
1 0.6274038461538461 0.3798076923076923 0.038461538461538464 0.0625
1 0.3004807692307692 0.39903846153846156 0.04326923076923077 0.06490384615384616
1 0.25240384615384615 0.39663461538461536 0.036057692307692304 0.057692307692307696
1 0.40384615384615385 0.3918269230769231 0.026442307692307692 0.04567307692307692
1 0.49038461538461536 0.3870192307692308 0.03365384615384615 0.055288461538461536
1 0.59375 0.39663461538461536 0.03365384615384615 0.055288461538461536