0 0.3125 0.3942307692307692 0.055288461538461536 0.057692307692307696
0 0.45913461538461536 0.3798076923076923 0.03125 0.055288461538461536
0 0.10336538461538461 0.3942307692307692 0.040865384615384616 0.04567307692307692
0 0.2692307692307692 0.3798076923076923 0.03125 0.04567307692307692
0 0.34615384615384615 0.3894230769230769 0.026442307692307692 0.03125
0 0.4831730769230769 0.3894230769230769 0.019230769230769232 0.036057692307692304
0 0.5 0.3918269230769231 0.02403846153846154 0.03125
0 0.5456730769230769 0.3918269230769231 0.03125 0.040865384615384616
0 0.625 0.39663461538461536 0.03125 0.03125
0 0.6706730769230769 0.3894230769230769 0.040865384615384616 0.04807692307692308
0 0.7019230769230769 0.37740384615384615 0.03125 0.04567307692307692
0 0.3125 0.11057692307692307 0.055288461538461536 0.057692307692307696
0 0.45913461538461536 0.125 0.03125 0.055288461538461536
0 0.10336538461538461 0.11057692307692307 0.040865384615384616 0.04567307692307692
0 0.2692307692307692 0.125 0.03125 0.04567307692307692
0 0.34615384615384615 0.11538461538461539 0.026442307692307692 0.03125
0 0.4831730769230769 0.11538461538461539 0.019230769230769232 0.036057692307692304
0 0.5 0.11298076923076923 0.02403846153846154 0.03125
0 0.5456730769230769 0.11298076923076923 0.03125 0.040865384615384616
0 0.625 0.10817307692307693 0.03125 0.03125
0 0.6706730769230769 0.11538461538461539 0.040865384615384616 0.04807692307692308
0 0.7019230769230769 0.12740384615384615 0.03125 0.04567307692307692