1 0.2091346153846154 0.31971153846153844 0.0673076923076923 0.06971153846153846
1 0.07932692307692307 0.34615384615384615 0.055288461538461536 0.0673076923076923
1 0.7980769230769231 0.36778846153846156 0.057692307692307696 0.06971153846153846
0 0.28365384615384615 0.3605769230769231 0.04567307692307692 0.057692307692307696
0 0.8798076923076923 0.3581730769230769 0.0625 0.06971153846153846
0 0.4326923076923077 0.3557692307692308 0.05048076923076923 0.057692307692307696
0 0.6298076923076923 0.35336538461538464 0.057692307692307696 0.06009615384615385
0 0.16105769230769232 0.34375 0.04326923076923077 0.04807692307692308
1 0.21033653846153846 0.02403846153846154 0.06971153846153846 0.04807692307692308
1 0.07932692307692307 0.010817307692307692 0.057692307692307696 0.021634615384615384
0 0.1622596153846154 0.007211538461538462 0.04567307692307692 0.014423076923076924