1 0.14182692307692307 0.41346153846153844 0.11538461538461539 0.14182692307692307
1 0.7427884615384616 0.42788461538461536 0.0673076923076923 0.08653846153846154
1 0.4735576923076923 0.4423076923076923 0.09134615384615384 0.09134615384615384
1 0.6225961538461539 0.43509615384615385 0.07451923076923077 0.10096153846153846
1 0.8389423076923077 0.4495192307692308 0.05048076923076923 0.0673076923076923
1 0.27884615384615385 0.43028846153846156 0.05048076923076923 0.09615384615384616
1 0.35096153846153844 0.4254807692307692 0.06971153846153846 0.0985576923076923
1 0.9158653846153846 0.4567307692307692 0.09615384615384616 0.11057692307692307
1 0.43028846153846156 0.45913461538461536 0.04326923076923077 0.07451923076923077
1 0.8653846153846154 0.46634615384615385 0.055288461538461536 0.07692307692307693
1 0.7019230769230769 0.46634615384615385 0.055288461538461536 0.055288461538461536
1 0.14302884615384615 0.04807692307692308 0.11778846153846154 0.09615384615384616
1 0.7439903846153846 0.027644230769230768 0.06971153846153846 0.055288461538461536
1 0.47475961538461536 0.021634615384615384 0.09375 0.04326923076923077
1 0.6225961538461539 0.027644230769230768 0.07692307692307693 0.055288461538461536
1 0.8389423076923077 0.01201923076923077 0.052884615384615384 0.02403846153846154
1 0.27884615384615385 0.028846153846153848 0.052884615384615384 0.057692307692307696
1 0.35096153846153844 0.03125 0.07211538461538461 0.0625
1 0.9170673076923077 0.019230769230769232 0.0985576923076923 0.038461538461538464
1 0.43149038461538464 0.008413461538461538 0.04567307692307692 0.016826923076923076