1 0.8557692307692307 0.3389423076923077 0.0673076923076923 0.09134615384615384
1 0.18269230769230768 0.32211538461538464 0.06971153846153846 0.0889423076923077
1 0.6466346153846154 0.3605769230769231 0.04807692307692308 0.06490384615384616
1 0.9134615384615384 0.375 0.04567307692307692 0.0673076923076923
1 0.34375 0.3317307692307692 0.05048076923076923 0.07932692307692307
1 0.44711538461538464 0.33653846153846156 0.05048076923076923 0.07692307692307693
1 0.5288461538461539 0.3557692307692308 0.04567307692307692 0.052884615384615384
1 0.5817307692307693 0.37259615384615385 0.03125 0.04567307692307692
1 0.7067307692307693 0.38461538461538464 0.03365384615384615 0.04807692307692308
1 0.27403846153846156 0.3605769230769231 0.03365384615384615 0.03365384615384615
1 0.18269230769230768 0.015625 0.07211538461538461 0.03125
1 0.34375 0.008413461538461538 0.052884615384615384 0.016826923076923076