0 0.46634615384615385 0.30288461538461536 0.07451923076923077 0.08413461538461539
0 0.3918269230769231 0.3173076923076923 0.07211538461538461 0.09615384615384616
0 0.7307692307692307 0.3701923076923077 0.0673076923076923 0.08173076923076923
0 0.8822115384615384 0.33413461538461536 0.06971153846153846 0.10096153846153846
0 0.21394230769230768 0.33653846153846156 0.0673076923076923 0.09134615384615384
0 0.07692307692307693 0.30528846153846156 0.06490384615384616 0.08413461538461539
0 0.6153846153846154 0.31490384615384615 0.07451923076923077 0.0985576923076923
0 0.2644230769230769 0.3076923076923077 0.055288461538461536 0.08173076923076923
0 0.6730769230769231 0.3317307692307692 0.040865384615384616 0.057692307692307696
0 0.8173076923076923 0.31009615384615385 0.052884615384615384 0.06490384615384616
0 0.9831730769230769 0.3317307692307692 0.026442307692307692 0.06490384615384616
0 0.46634615384615385 0.01201923076923077 0.07692307692307693 0.02403846153846154
0 0.07692307692307693 0.010817307692307692 0.0673076923076923 0.021634615384615384
0 0.6153846153846154 0.009615384615384616 0.07692307692307693 0.019230769230769232
0 0.2644230769230769 0.009615384615384616 0.057692307692307696 0.019230769230769232