1 0.46875 0.40625 0.057692307692307696 0.08653846153846154
1 0.8870192307692307 0.4519230769230769 0.055288461538461536 0.06971153846153846
1 0.7668269230769231 0.44711538461538464 0.055288461538461536 0.057692307692307696
0 0.6009615384615384 0.40384615384615385 0.06971153846153846 0.09615384615384616
0 0.15865384615384615 0.40625 0.08173076923076923 0.09375
0 0.3485576923076923 0.43028846153846156 0.06971153846153846 0.09375
0 0.40865384615384615 0.44471153846153844 0.04326923076923077 0.06009615384615385
0 0.21153846153846154 0.4375 0.04807692307692308 0.06971153846153846
0 0.2644230769230769 0.4495192307692308 0.038461538461538464 0.04567307692307692
0 0.5384615384615384 0.44471153846153844 0.038461538461538464 0.052884615384615384
1 0.6778846153846154 0.4495192307692308 0.05048076923076923 0.06971153846153846