1 0.39903846153846156 0.5024038461538461 0.1346153846153846 0.12740384615384615
0 0.07692307692307693 0.5072115384615384 0.12980769230769232 0.13701923076923078
0 0.24759615384615385 0.5096153846153846 0.10817307692307693 0.11778846153846154
0 0.038461538461538464 0.42788461538461536 0.06490384615384616 0.0625
0 0.6322115384615384 0.5144230769230769 0.04326923076923077 0.057692307692307696
0 0.7980769230769231 0.5889423076923077 0.06971153846153846 0.07451923076923077
1 0.7980769230769231 0.4807692307692308 0.021634615384615384 0.03365384615384615
0 0.7307692307692307 0.53125 0.040865384615384616 0.04567307692307692
0 0.7764423076923077 0.5384615384615384 0.04807692307692308 0.04567307692307692
0 0.9086538461538461 0.4951923076923077 0.03365384615384615 0.04326923076923077
0 0.8173076923076923 0.5 0.028846153846153848 0.03365384615384615
0 0.75 0.49038461538461536 0.026442307692307692 0.028846153846153848