1 0.4735576923076923 0.33413461538461536 0.06971153846153846 0.09375
1 0.6538461538461539 0.34134615384615385 0.08173076923076923 0.0889423076923077
1 0.14182692307692307 0.32211538461538464 0.07932692307692307 0.10096153846153846
1 0.8701923076923077 0.30528846153846156 0.1201923076923077 0.12740384615384615
1 0.5769230769230769 0.3485576923076923 0.06009615384615385 0.06971153846153846
1 0.23076923076923078 0.3269230769230769 0.08173076923076923 0.12980769230769232
1 0.2860576923076923 0.3245192307692308 0.057692307692307696 0.08413461538461539
1 0.4735576923076923 0.02283653846153846 0.07211538461538461 0.04567307692307692
1 0.6550480769230769 0.018028846153846152 0.08413461538461539 0.036057692307692304
1 0.14182692307692307 0.03125 0.08173076923076923 0.0625
1 0.8713942307692307 0.04567307692307692 0.12259615384615384 0.09134615384615384
1 0.5769230769230769 0.009615384615384616 0.0625 0.019230769230769232
1 0.23197115384615385 0.036057692307692304 0.08413461538461539 0.07211538461538461
1 0.28725961538461536 0.025240384615384616 0.06009615384615385 0.05048076923076923