1 0.7572115384615384 0.30528846153846156 0.0673076923076923 0.06971153846153846
1 0.33413461538461536 0.27163461538461536 0.09134615384615384 0.09134615384615384
1 0.8485576923076923 0.30288461538461536 0.12740384615384615 0.13701923076923078
1 0.18269230769230768 0.2932692307692308 0.08173076923076923 0.08413461538461539
1 0.44471153846153844 0.59375 0.06009615384615385 0.055288461538461536
1 0.21875 0.28125 0.057692307692307696 0.08173076923076923
1 0.03365384615384615 0.4735576923076923 0.057692307692307696 0.08653846153846154
1 0.08653846153846154 0.28846153846153844 0.040865384615384616 0.055288461538461536
1 0.14182692307692307 0.2956730769230769 0.04807692307692308 0.055288461538461536
1 0.4855769230769231 0.40865384615384615 0.057692307692307696 0.05048076923076923
1 0.41586538461538464 0.40865384615384615 0.04326923076923077 0.05048076923076923
1 0.7572115384615384 0.13221153846153846 0.0673076923076923 0.06971153846153846
1 0.33413461538461536 0.1658653846153846 0.09134615384615384 0.09134615384615384
1 0.8485576923076923 0.1346153846153846 0.12740384615384615 0.13701923076923078
1 0.18269230769230768 0.14423076923076922 0.08173076923076923 0.08413461538461539
1 0.44471153846153844 0.9663461538461539 0.06009615384615385 0.055288461538461536
1 0.21875 0.15625 0.057692307692307696 0.08173076923076923
1 0.08653846153846154 0.14903846153846154 0.040865384615384616 0.055288461538461536
1 0.14182692307692307 0.14182692307692307 0.04807692307692308 0.055288461538461536
1 0.4855769230769231 0.028846153846153848 0.057692307692307696 0.05048076923076923
1 0.41586538461538464 0.028846153846153848 0.04326923076923077 0.05048076923076923