0 0.21875 0.28125 0.08653846153846154 0.11298076923076923
0 0.7524038461538461 0.32211538461538464 0.0673076923076923 0.09375
0 0.057692307692307696 0.3173076923076923 0.057692307692307696 0.09134615384615384
0 0.8149038461538461 0.33413461538461536 0.04567307692307692 0.06971153846153846
0 0.43990384615384615 0.3317307692307692 0.04567307692307692 0.06490384615384616
0 0.16105769230769232 0.3076923076923077 0.04807692307692308 0.0673076923076923
0 0.5817307692307693 0.3269230769230769 0.04567307692307692 0.057692307692307696
0 0.39663461538461536 0.2980769230769231 0.052884615384615384 0.0673076923076923
0 0.4855769230769231 0.3245192307692308 0.03365384615384615 0.040865384615384616
0 0.6586538461538461 0.33413461538461536 0.03365384615384615 0.057692307692307696
0 0.7139423076923077 0.3269230769230769 0.036057692307692304 0.04807692307692308
0 0.8605769230769231 0.3485576923076923 0.04807692307692308 0.0673076923076923
0 0.9759615384615384 0.3485576923076923 0.036057692307692304 0.0889423076923077
0 0.6322115384615384 0.34375 0.03125 0.04567307692307692