1 0.4735576923076923 0.35336538461538464 0.0673076923076923 0.057692307692307696
1 0.6057692307692307 0.42788461538461536 0.0625 0.0673076923076923
1 0.24759615384615385 0.3798076923076923 0.05048076923076923 0.040865384615384616
1 0.23798076923076922 0.3173076923076923 0.04807692307692308 0.04567307692307692
1 0.29086538461538464 0.3245192307692308 0.038461538461538464 0.040865384615384616
1 0.3942307692307692 0.3870192307692308 0.038461538461538464 0.038461538461538464
1 0.5408653846153846 0.35336538461538464 0.04807692307692308 0.052884615384615384
1 0.47475961538461536 0.016826923076923076 0.06971153846153846 0.03365384615384615
1 0.23798076923076922 0.038461538461538464 0.04807692307692308 0.04567307692307692
1 0.29086538461538464 0.03125 0.038461538461538464 0.040865384615384616
1 0.5420673076923077 0.015625 0.05048076923076923 0.03125