0 0.06009615384615385 0.3245192307692308 0.07211538461538461 0.0889423076923077
0 0.36538461538461536 0.40865384615384615 0.05048076923076923 0.0625
0 0.16826923076923078 0.3557692307692308 0.04567307692307692 0.057692307692307696
0 0.08173076923076923 0.3557692307692308 0.04567307692307692 0.06009615384615385
0 0.31490384615384615 0.35096153846153844 0.036057692307692304 0.04567307692307692
0 0.3798076923076923 0.3389423076923077 0.04567307692307692 0.04326923076923077
0 0.4735576923076923 0.375 0.036057692307692304 0.04567307692307692
0 0.46875 0.3389423076923077 0.036057692307692304 0.04326923076923077
0 0.5144230769230769 0.3581730769230769 0.04326923076923077 0.04807692307692308
0 0.5961538461538461 0.35336538461538464 0.026442307692307692 0.04807692307692308
0 0.6538461538461539 0.3605769230769231 0.038461538461538464 0.055288461538461536
0 0.7235576923076923 0.33413461538461536 0.05048076923076923 0.0673076923076923
0 0.8341346153846154 0.3629807692307692 0.03365384615384615 0.04326923076923077