1 0.31009615384615385 0.5432692307692307 0.07211538461538461 0.07211538461538461
1 0.9014423076923077 0.4519230769230769 0.0625 0.07692307692307693
1 0.21634615384615385 0.38221153846153844 0.05048076923076923 0.040865384615384616
1 0.7355769230769231 0.35336538461538464 0.04326923076923077 0.04807692307692308
1 0.6778846153846154 0.31490384615384615 0.03125 0.040865384615384616
1 0.08413461538461539 0.2980769230769231 0.028846153846153848 0.036057692307692304
1 0.6538461538461539 0.33653846153846156 0.028846153846153848 0.036057692307692304
1 0.5721153846153846 0.30528846153846156 0.026442307692307692 0.03365384615384615
1 0.5288461538461539 0.3004807692307692 0.03365384615384615 0.040865384615384616
1 0.7367788461538461 0.004807692307692308 0.04567307692307692 0.009615384615384616
1 0.6778846153846154 0.021634615384615384 0.03125 0.040865384615384616
1 0.08413461538461539 0.038461538461538464 0.028846153846153848 0.036057692307692304
1 0.6550480769230769 0.009615384615384616 0.03125 0.019230769230769232
1 0.5721153846153846 0.03125 0.026442307692307692 0.03365384615384615
1 0.5288461538461539 0.036057692307692304 0.03365384615384615 0.040865384615384616