1 0.8293269230769231 0.5432692307692307 0.06971153846153846 0.07692307692307693
0 0.3557692307692308 0.4855769230769231 0.05048076923076923 0.0673076923076923
0 0.24519230769230768 0.46153846153846156 0.05048076923076923 0.0625
0 0.06490384615384616 0.5048076923076923 0.125 0.2764423076923077
0 0.14182692307692307 0.46153846153846156 0.040865384615384616 0.06490384615384616
0 0.30528846153846156 0.4855769230769231 0.04567307692307692 0.06490384615384616
0 0.47115384615384615 0.47115384615384615 0.03365384615384615 0.04326923076923077
0 0.4807692307692308 0.5024038461538461 0.04807692307692308 0.05048076923076923
0 0.6394230769230769 0.5408653846153846 0.04807692307692308 0.04326923076923077
0 0.7091346153846154 0.5336538461538461 0.05048076923076923 0.05048076923076923
0 0.9447115384615384 0.5048076923076923 0.040865384615384616 0.04567307692307692