1 0.1658653846153846 0.4206730769230769 0.0625 0.06971153846153846
1 0.3894230769230769 0.4519230769230769 0.03365384615384615 0.052884615384615384
1 0.22115384615384615 0.44471153846153844 0.04567307692307692 0.057692307692307696
1 0.2548076923076923 0.44711538461538464 0.03365384615384615 0.055288461538461536
1 0.2980769230769231 0.44711538461538464 0.038461538461538464 0.057692307692307696
0 0.3269230769230769 0.46153846153846156 0.036057692307692304 0.04567307692307692
1 0.4182692307692308 0.4495192307692308 0.026442307692307692 0.04807692307692308
0 0.44471153846153844 0.4495192307692308 0.026442307692307692 0.040865384615384616
0 0.5793269230769231 0.4423076923076923 0.03125 0.040865384615384616
0 0.8653846153846154 0.42788461538461536 0.04326923076923077 0.055288461538461536
0 0.7668269230769231 0.4254807692307692 0.040865384615384616 0.04567307692307692
0 0.6466346153846154 0.4495192307692308 0.040865384615384616 0.05048076923076923
0 0.6778846153846154 0.42788461538461536 0.036057692307692304 0.04326923076923077
0 0.6081730769230769 0.4375 0.03365384615384615 0.04567307692307692
0 0.5600961538461539 0.4423076923076923 0.02403846153846154 0.03365384615384615