0 0.8365384615384616 0.5480769230769231 0.07932692307692307 0.10576923076923077
0 0.3701923076923077 0.5408653846153846 0.06971153846153846 0.07692307692307693
0 0.5384615384615384 0.5504807692307693 0.07692307692307693 0.08413461538461539
0 0.2668269230769231 0.5288461538461539 0.0625 0.07692307692307693
0 0.7355769230769231 0.5 0.05048076923076923 0.057692307692307696
0 0.8798076923076923 0.5504807692307693 0.07211538461538461 0.0889423076923077
0 0.17548076923076922 0.5144230769230769 0.057692307692307696 0.06490384615384616
0 0.6298076923076923 0.5096153846153846 0.04567307692307692 0.055288461538461536
0 0.3942307692307692 0.4543269230769231 0.036057692307692304 0.038461538461538464
0 0.44711538461538464 0.5048076923076923 0.038461538461538464 0.04807692307692308
0 0.5288461538461539 0.5024038461538461 0.040865384615384616 0.040865384615384616