1 0.09615384615384616 0.39663461538461536 0.11298076923076923 0.1658653846153846
1 0.19230769230769232 0.4423076923076923 0.15384615384615385 0.17067307692307693
1 0.2692307692307692 0.43509615384615385 0.055288461538461536 0.12740384615384615
1 0.36778846153846156 0.47836538461538464 0.04326923076923077 0.07451923076923077
1 0.39903846153846156 0.46875 0.055288461538461536 0.08653846153846154
1 0.44471153846153844 0.4519230769230769 0.08173076923076923 0.09615384615384616
1 0.53125 0.3581730769230769 0.14423076923076922 0.1778846153846154
1 0.6995192307692307 0.4182692307692308 0.10817307692307693 0.11538461538461539
1 0.8100961538461539 0.35096153846153844 0.1201923076923077 0.16826923076923078
1 0.8990384615384616 0.42788461538461536 0.08653846153846154 0.10817307692307693
1 0.9471153846153846 0.4182692307692308 0.04807692307692308 0.10576923076923077
1 0.8112980769230769 0.016826923076923076 0.12259615384615384 0.03365384615384615