1 0.5865384615384616 0.7596153846153846 0.057692307692307696 0.07692307692307693
1 0.38221153846153844 0.7307692307692307 0.036057692307692304 0.05048076923076923
1 0.4543269230769231 0.75 0.028846153846153848 0.05048076923076923
1 0.5288461538461539 0.29086538461538464 0.026442307692307692 0.03125
0 0.23076923076923078 0.71875 0.021634615384615384 0.026442307692307692
0 0.31009615384615385 0.7307692307692307 0.021634615384615384 0.02403846153846154
0 0.19471153846153846 0.7019230769230769 0.019230769230769232 0.026442307692307692
0 0.2692307692307692 0.7283653846153846 0.019230769230769232 0.021634615384615384
0 0.25240384615384615 0.7091346153846154 0.016826923076923076 0.019230769230769232
0 0.2956730769230769 0.71875 0.016826923076923076 0.021634615384615384
0 0.3293269230769231 0.7211538461538461 0.016826923076923076 0.026442307692307692
0 0.34615384615384615 0.7163461538461539 0.021634615384615384 0.026442307692307692
0 0.4735576923076923 0.7259615384615384 0.019230769230769232 0.016826923076923076
0 0.53125 0.7307692307692307 0.016826923076923076 0.02403846153846154
0 0.6923076923076923 0.7403846153846154 0.019230769230769232 0.021634615384615384
0 0.4423076923076923 0.7259615384615384 0.016826923076923076 0.019230769230769232
0 0.10096153846153846 0.71875 0.021634615384615384 0.026442307692307692
0 0.021634615384615384 0.7307692307692307 0.021634615384615384 0.02403846153846154
0 0.13701923076923078 0.7019230769230769 0.019230769230769232 0.026442307692307692
0 0.0625 0.7283653846153846 0.019230769230769232 0.021634615384615384
0 0.07932692307692307 0.7091346153846154 0.016826923076923076 0.019230769230769232
0 0.036057692307692304 0.71875 0.016826923076923076 0.021634615384615384
0 0.006009615384615385 0.7211538461538461 0.01201923076923077 0.028846153846153848
0 0.9711538461538461 0.7403846153846154 0.019230769230769232 0.021634615384615384