0 0.2860576923076923 0.3317307692307692 0.07451923076923077 0.08413461538461539
0 0.17548076923076922 0.39903846153846156 0.04326923076923077 0.05048076923076923
0 0.2283653846153846 0.37259615384615385 0.05048076923076923 0.0673076923076923
0 0.2980769230769231 0.3918269230769231 0.04567307692307692 0.057692307692307696
0 0.42788461538461536 0.4326923076923077 0.038461538461538464 0.05048076923076923
0 0.5745192307692307 0.4254807692307692 0.04567307692307692 0.04807692307692308
0 0.2860576923076923 0.10576923076923077 0.07451923076923077 0.08413461538461539
0 0.17548076923076922 0.038461538461538464 0.04326923076923077 0.05048076923076923
0 0.2283653846153846 0.06490384615384616 0.05048076923076923 0.0673076923076923
0 0.2980769230769231 0.04567307692307692 0.04567307692307692 0.057692307692307696
0 0.42908653846153844 0.015625 0.040865384615384616 0.03125
0 0.5745192307692307 0.019230769230769232 0.04807692307692308 0.038461538461538464