0 0.3581730769230769 0.5985576923076923 0.11298076923076923 0.12259615384615384
0 0.19230769230769232 0.4831730769230769 0.07211538461538461 0.08413461538461539
0 0.49038461538461536 0.5360576923076923 0.08173076923076923 0.0889423076923077
0 0.08173076923076923 0.5745192307692307 0.10817307692307693 0.1466346153846154
0 0.6682692307692307 0.5144230769230769 0.0673076923076923 0.07211538461538461
0 0.33413461538461536 0.47115384615384615 0.057692307692307696 0.055288461538461536
0 0.47596153846153844 0.4519230769230769 0.04567307692307692 0.05048076923076923
0 0.5480769230769231 0.44711538461538464 0.04567307692307692 0.04807692307692308
0 0.7620192307692307 0.5096153846153846 0.057692307692307696 0.0625
0 0.7668269230769231 0.47115384615384615 0.04567307692307692 0.04567307692307692
0 0.7620192307692307 0.4423076923076923 0.03125 0.038461538461538464
0 0.8269230769230769 0.4567307692307692 0.057692307692307696 0.055288461538461536