1 0.22355769230769232 0.3870192307692308 0.08413461538461539 0.0985576923076923
1 0.11538461538461539 0.31009615384615385 0.11778846153846154 0.13701923076923078
1 0.8701923076923077 0.40865384615384615 0.07211538461538461 0.07692307692307693
1 0.7067307692307693 0.3798076923076923 0.0985576923076923 0.10576923076923077
1 0.38461538461538464 0.36778846153846156 0.08413461538461539 0.10096153846153846
1 0.5072115384615384 0.38221153846153844 0.07211538461538461 0.0985576923076923
1 0.22355769230769232 0.016826923076923076 0.08653846153846154 0.03365384615384615
1 0.11538461538461539 0.06490384615384616 0.1201923076923077 0.12980769230769232
1 0.7067307692307693 0.02283653846153846 0.10096153846153846 0.04567307692307692
1 0.38461538461538464 0.027644230769230768 0.08653846153846154 0.055288461538461536
1 0.5084134615384616 0.019230769230769232 0.07451923076923077 0.038461538461538464