0 0.9663461538461539 0.42788461538461536 0.06009615384615385 0.07692307692307693
0 0.07932692307692307 0.4230769230769231 0.0673076923076923 0.07211538461538461
0 0.5961538461538461 0.42788461538461536 0.052884615384615384 0.06490384615384616
0 0.20192307692307693 0.43990384615384615 0.04567307692307692 0.0625
0 0.3269230769230769 0.44711538461538464 0.03365384615384615 0.040865384615384616
0 0.021634615384615384 0.46153846153846156 0.038461538461538464 0.057692307692307696
0 0.15144230769230768 0.46634615384615385 0.05048076923076923 0.055288461538461536
0 0.2644230769230769 0.4519230769230769 0.038461538461538464 0.055288461538461536
0 0.39663461538461536 0.44471153846153844 0.04567307692307692 0.052884615384615384
0 0.4326923076923077 0.43990384615384615 0.036057692307692304 0.04326923076923077
0 0.5048076923076923 0.43990384615384615 0.038461538461538464 0.052884615384615384
0 0.5336538461538461 0.44711538461538464 0.03125 0.040865384615384616
0 0.6899038461538461 0.44711538461538464 0.05048076923076923 0.06009615384615385
0 0.6634615384615384 0.4326923076923077 0.03365384615384615 0.055288461538461536
0 0.7403846153846154 0.44471153846153844 0.03365384615384615 0.04567307692307692
0 0.8221153846153846 0.4230769230769231 0.05048076923076923 0.057692307692307696