1 0.9254807692307693 0.34375 0.08413461538461539 0.10336538461538461
1 0.35096153846153844 0.33413461538461536 0.0673076923076923 0.09615384615384616
1 0.14423076923076922 0.31971153846153844 0.0889423076923077 0.10576923076923077
1 0.5048076923076923 0.3269230769230769 0.10096153846153846 0.12740384615384615
1 0.7115384615384616 0.3173076923076923 0.10336538461538461 0.12740384615384615
1 0.8557692307692307 0.34615384615384615 0.057692307692307696 0.07211538461538461
1 0.28365384615384615 0.31009615384615385 0.10336538461538461 0.12740384615384615
1 0.6057692307692307 0.3557692307692308 0.04807692307692308 0.06971153846153846
1 0.7668269230769231 0.3605769230769231 0.052884615384615384 0.07211538461538461
1 0.41586538461538464 0.38221153846153844 0.04567307692307692 0.07211538461538461
1 0.9254807692307693 0.020432692307692308 0.08653846153846154 0.040865384615384616
1 0.35216346153846156 0.02403846153846154 0.06971153846153846 0.04807692307692308
1 0.14423076923076922 0.03365384615384615 0.09134615384615384 0.0673076923076923
1 0.5060096153846154 0.03485576923076923 0.10336538461538461 0.06971153846153846
1 0.7115384615384616 0.039663461538461536 0.10576923076923077 0.07932692307692307
1 0.8569711538461539 0.01201923076923077 0.06009615384615385 0.02403846153846154
1 0.28365384615384615 0.04326923076923077 0.10576923076923077 0.08653846153846154