1 0.13221153846153846 0.35336538461538464 0.06971153846153846 0.0673076923076923
1 0.3798076923076923 0.40625 0.04567307692307692 0.055288461538461536
1 0.33413461538461536 0.4110576923076923 0.036057692307692304 0.04567307692307692
1 0.6298076923076923 0.40865384615384615 0.04326923076923077 0.052884615384615384
1 0.5793269230769231 0.40384615384615385 0.040865384615384616 0.05048076923076923
1 0.6923076923076923 0.40865384615384615 0.038461538461538464 0.04807692307692308
1 0.7475961538461539 0.40384615384615385 0.040865384615384616 0.055288461538461536
1 0.8269230769230769 0.4110576923076923 0.036057692307692304 0.055288461538461536
1 0.8653846153846154 0.3918269230769231 0.04567307692307692 0.057692307692307696
1 0.23557692307692307 0.41346153846153844 0.04567307692307692 0.05048076923076923
1 0.040865384615384616 0.4206730769230769 0.04567307692307692 0.06490384615384616
1 0.14182692307692307 0.40384615384615385 0.03365384615384615 0.052884615384615384
1 0.15865384615384615 0.41346153846153844 0.03365384615384615 0.06009615384615385
1 0.13221153846153846 0.007211538461538462 0.07211538461538461 0.014423076923076924