1 0.7211538461538461 0.47115384615384615 0.07451923076923077 0.06971153846153846
1 0.3293269230769231 0.30288461538461536 0.057692307692307696 0.052884615384615384
1 0.4254807692307692 0.28846153846153844 0.05048076923076923 0.0625
1 0.3317307692307692 0.1658653846153846 0.04326923076923077 0.055288461538461536
1 0.6274038461538461 0.1658653846153846 0.04807692307692308 0.057692307692307696
1 0.8076923076923077 0.4855769230769231 0.057692307692307696 0.0673076923076923
0 0.16105769230769232 0.28125 0.040865384615384616 0.04326923076923077
0 0.04326923076923077 0.18028846153846154 0.02403846153846154 0.04567307692307692
0 0.84375 0.2980769230769231 0.040865384615384616 0.04567307692307692
0 0.7956730769230769 0.24759615384615385 0.040865384615384616 0.04567307692307692
0 0.7331730769230769 0.22596153846153846 0.04567307692307692 0.05048076923076923
0 0.6081730769230769 0.44711538461538464 0.055288461538461536 0.04807692307692308
0 0.49759615384615385 0.36778846153846156 0.057692307692307696 0.04567307692307692
0 0.5865384615384616 0.375 0.057692307692307696 0.04807692307692308
0 0.2956730769230769 0.1971153846153846 0.04326923076923077 0.040865384615384616
0 0.4182692307692308 0.18028846153846154 0.03365384615384615 0.04567307692307692
0 0.44711538461538464 0.17307692307692307 0.036057692307692304 0.04567307692307692
0 0.4807692307692308 0.18269230769230768 0.03365384615384615 0.04567307692307692
0 0.5168269230769231 0.1778846153846154 0.03365384615384615 0.04326923076923077
0 0.5576923076923077 0.15865384615384615 0.05048076923076923 0.055288461538461536
1 0.3329326923076923 0.015625 0.04567307692307692 0.03125
1 0.6286057692307693 0.016826923076923076 0.05048076923076923 0.03365384615384615
0 0.04447115384615385 0.006009615384615385 0.026442307692307692 0.01201923076923077
0 0.41947115384615385 0.006009615384615385 0.036057692307692304 0.01201923076923077
0 0.44711538461538464 0.009615384615384616 0.038461538461538464 0.019230769230769232
0 0.48197115384615385 0.004807692307692308 0.036057692307692304 0.009615384615384616
0 0.5180288461538461 0.007211538461538462 0.036057692307692304 0.014423076923076924
0 0.5576923076923077 0.019230769230769232 0.052884615384615384 0.038461538461538464