0 0.08173076923076923 0.37740384615384615 0.06490384615384616 0.06490384615384616
0 0.11057692307692307 0.40865384615384615 0.036057692307692304 0.04326923076923077
0 0.14423076923076922 0.40865384615384615 0.028846153846153848 0.038461538461538464
0 0.23076923076923078 0.3798076923076923 0.04326923076923077 0.04807692307692308
1 0.2644230769230769 0.3918269230769231 0.03365384615384615 0.04807692307692308
0 0.3269230769230769 0.39663461538461536 0.03125 0.05048076923076923
0 0.35336538461538464 0.3942307692307692 0.03365384615384615 0.036057692307692304
0 0.4375 0.3870192307692308 0.028846153846153848 0.036057692307692304
0 0.46634615384615385 0.39903846153846156 0.028846153846153848 0.03365384615384615
0 0.5288461538461539 0.39663461538461536 0.036057692307692304 0.036057692307692304
0 0.5600961538461539 0.4110576923076923 0.026442307692307692 0.036057692307692304
0 0.5961538461538461 0.41346153846153844 0.026442307692307692 0.036057692307692304
0 0.6971153846153846 0.40865384615384615 0.02403846153846154 0.036057692307692304
0 0.8485576923076923 0.38221153846153844 0.028846153846153848 0.038461538461538464
0 0.8221153846153846 0.38461538461538464 0.021634615384615384 0.028846153846153848
0 0.08173076923076923 0.07451923076923077 0.06490384615384616 0.06490384615384616
0 0.11057692307692307 0.04326923076923077 0.036057692307692304 0.04326923076923077
0 0.14423076923076922 0.04326923076923077 0.028846153846153848 0.038461538461538464
0 0.23076923076923078 0.07211538461538461 0.04326923076923077 0.04807692307692308
1 0.2644230769230769 0.06009615384615385 0.03365384615384615 0.04807692307692308
0 0.3269230769230769 0.055288461538461536 0.03125 0.05048076923076923
0 0.35336538461538464 0.057692307692307696 0.03365384615384615 0.036057692307692304
0 0.4375 0.06490384615384616 0.028846153846153848 0.036057692307692304
0 0.46634615384615385 0.052884615384615384 0.028846153846153848 0.03365384615384615
0 0.5288461538461539 0.055288461538461536 0.036057692307692304 0.036057692307692304
0 0.5600961538461539 0.040865384615384616 0.026442307692307692 0.036057692307692304
0 0.5961538461538461 0.038461538461538464 0.026442307692307692 0.036057692307692304
0 0.6971153846153846 0.04326923076923077 0.02403846153846154 0.036057692307692304
0 0.8485576923076923 0.06971153846153846 0.028846153846153848 0.038461538461538464
0 0.8221153846153846 0.0673076923076923 0.021634615384615384 0.028846153846153848