0 0.28125 0.46634615384615385 0.06971153846153846 0.08173076923076923
0 0.6346153846153846 0.4567307692307692 0.04807692307692308 0.057692307692307696
0 0.375 0.43990384615384615 0.057692307692307696 0.06009615384615385
0 0.5288461538461539 0.4495192307692308 0.040865384615384616 0.055288461538461536
0 0.23076923076923078 0.4543269230769231 0.04567307692307692 0.057692307692307696
0 0.4807692307692308 0.46153846153846156 0.04326923076923077 0.055288461538461536
0 0.09134615384615384 0.46875 0.038461538461538464 0.04567307692307692
0 0.6754807692307693 0.45913461538461536 0.038461538461538464 0.04807692307692308
0 0.7427884615384616 0.46634615384615385 0.028846153846153848 0.036057692307692304
0 0.7836538461538461 0.4639423076923077 0.03125 0.036057692307692304
0 0.9519230769230769 0.4543269230769231 0.036057692307692304 0.040865384615384616