1 0.22115384615384615 0.6466346153846154 0.07211538461538461 0.07692307692307693
1 0.22115384615384615 0.5432692307692307 0.057692307692307696 0.06490384615384616
1 0.29086538461538464 0.38221153846153844 0.03125 0.052884615384615384
1 0.3485576923076923 0.6105769230769231 0.04807692307692308 0.052884615384615384
1 0.4807692307692308 0.5264423076923077 0.040865384615384616 0.04567307692307692
1 0.5024038461538461 0.5 0.04326923076923077 0.04567307692307692
1 0.5576923076923077 0.5384615384615384 0.05048076923076923 0.04326923076923077
1 0.9254807692307693 0.2932692307692308 0.038461538461538464 0.0673076923076923
1 0.8966346153846154 0.31971153846153844 0.03365384615384615 0.04807692307692308
1 0.8774038461538461 0.30528846153846156 0.03365384615384615 0.05048076923076923
0 0.9567307692307693 0.3076923076923077 0.04567307692307692 0.057692307692307696
0 0.9735576923076923 0.375 0.038461538461538464 0.057692307692307696