1 0.06490384615384616 0.37259615384615385 0.12740384615384615 0.3485576923076923
1 0.15384615384615385 0.4423076923076923 0.14182692307692307 0.25961538461538464
1 0.27403846153846156 0.4807692307692308 0.1658653846153846 0.23798076923076922
1 0.25721153846153844 0.3269230769230769 0.18990384615384615 0.19471153846153846
1 0.47836538461538464 0.39903846153846156 0.20192307692307693 0.27884615384615385
1 0.5528846153846154 0.3269230769230769 0.18028846153846154 0.25961538461538464
1 0.6923076923076923 0.3701923076923077 0.13942307692307693 0.23798076923076922
1 0.8317307692307693 0.41346153846153844 0.18269230769230768 0.24759615384615385
1 0.9158653846153846 0.35096153846153844 0.15865384615384615 0.2956730769230769
1 0.06490384615384616 0.0985576923076923 0.12980769230769232 0.1971153846153846
1 0.15384615384615385 0.042067307692307696 0.14423076923076922 0.08413461538461539
1 0.25721153846153844 0.0829326923076923 0.19230769230769232 0.1658653846153846
1 0.4795673076923077 0.06850961538461539 0.20432692307692307 0.13701923076923078
1 0.5528846153846154 0.09975961538461539 0.18269230769230768 0.19951923076923078
1 0.6935096153846154 0.07211538461538461 0.14182692307692307 0.14423076923076922
1 0.8329326923076923 0.052884615384615384 0.18509615384615385 0.10576923076923077
1 0.9170673076923077 0.09615384615384616 0.16105769230769232 0.19230769230769232