1 0.4519230769230769 0.5456730769230769 0.0985576923076923 0.09615384615384616
1 0.625 0.2980769230769231 0.11298076923076923 0.11778846153846154
1 0.6826923076923077 0.25 0.06009615384615385 0.06971153846153846
1 0.3485576923076923 0.4639423076923077 0.08173076923076923 0.08413461538461539
1 0.4831730769230769 0.25 0.052884615384615384 0.06971153846153846
1 0.3269230769230769 0.5144230769230769 0.09615384615384616 0.0889423076923077
0 0.21153846153846154 0.33653846153846156 0.07211538461538461 0.08653846153846154
0 0.5168269230769231 0.3125 0.06490384615384616 0.07932692307692307
0 0.7620192307692307 0.24519230769230768 0.06971153846153846 0.09375
0 0.5432692307692307 0.2620192307692308 0.04807692307692308 0.05048076923076923
0 0.9134615384615384 0.19471153846153846 0.04567307692307692 0.04567307692307692
1 0.625 0.037259615384615384 0.11538461538461539 0.07451923076923077
1 0.6826923076923077 0.0625 0.06009615384615385 0.06971153846153846
1 0.4831730769230769 0.0625 0.052884615384615384 0.06971153846153846
0 0.2127403846153846 0.010817307692307692 0.07451923076923077 0.021634615384615384
0 0.5168269230769231 0.020432692307692308 0.0673076923076923 0.040865384615384616
0 0.7620192307692307 0.0673076923076923 0.06971153846153846 0.09375
0 0.5432692307692307 0.05048076923076923 0.04807692307692308 0.05048076923076923
0 0.9134615384615384 0.11778846153846154 0.04567307692307692 0.04567307692307692