1 0.6706730769230769 0.4543269230769231 0.1201923076923077 0.11778846153846154
1 0.7740384615384616 0.2091346153846154 0.13221153846153846 0.13221153846153846
1 0.6514423076923077 0.5697115384615384 0.10576923076923077 0.11538461538461539
1 0.6875 0.7019230769230769 0.12740384615384615 0.12980769230769232
1 0.6201923076923077 0.22596153846153846 0.12259615384615384 0.14182692307692307
2 0.23798076923076922 0.4951923076923077 0.4519230769230769 0.7043269230769231
2 0.625 0.7524038461538461 0.27163461538461536 0.20192307692307693
2 0.6370192307692307 0.5913461538461539 0.22115384615384615 0.14903846153846154
2 0.7980769230769231 0.625 0.36778846153846156 0.43990384615384615
2 0.5288461538461539 0.3076923076923077 0.30528846153846156 0.31971153846153844
2 0.7235576923076923 0.27163461538461536 0.23076923076923078 0.25961538461538464
1 0.15625 0.21153846153846154 0.24759615384615385 0.13701923076923078
1 0.7740384615384616 0.07451923076923077 0.13221153846153846 0.13221153846153846
1 0.6875 0.9711538461538461 0.12980769230769232 0.04807692307692308
1 0.6201923076923077 0.06490384615384616 0.125 0.12980769230769232
2 0.23918269230769232 0.07091346153846154 0.4543269230769231 0.14182692307692307
2 0.625 0.9278846153846154 0.27403846153846156 0.1346153846153846
2 0.7980769230769231 0.9314903846153846 0.3701923076923077 0.12740384615384615
2 0.5288461538461539 0.06850961538461539 0.3076923076923077 0.13701923076923078
2 0.7247596153846154 0.07211538461538461 0.23317307692307693 0.14423076923076922
1 0.15625 0.07211538461538461 0.24759615384615385 0.13701923076923078