1 0.15384615384615385 0.375 0.06971153846153846 0.08653846153846154
1 0.23798076923076922 0.3701923076923077 0.14182692307692307 0.1875
1 0.75 0.34375 0.15865384615384615 0.18509615384615385
1 0.4807692307692308 0.375 0.11057692307692307 0.12980769230769232
1 0.31490384615384615 0.3629807692307692 0.07692307692307693 0.125
1 0.057692307692307696 0.3485576923076923 0.11538461538461539 0.3317307692307692
1 0.6778846153846154 0.3581730769230769 0.06009615384615385 0.12740384615384615
0 0.9254807692307693 0.34375 0.09375 0.10576923076923077
1 0.23798076923076922 0.03125 0.14423076923076922 0.0625
1 0.7512019230769231 0.04326923076923077 0.16105769230769232 0.08653846153846154
1 0.48197115384615385 0.014423076923076924 0.11298076923076923 0.028846153846153848
1 0.3161057692307692 0.019230769230769232 0.07932692307692307 0.038461538461538464
1 0.05889423076923077 0.078125 0.11778846153846154 0.15625
1 0.6778846153846154 0.021634615384615384 0.0625 0.04326923076923077
0 0.9254807692307693 0.02403846153846154 0.09615384615384616 0.04807692307692308