1 0.7475961538461539 0.3125 0.0673076923076923 0.09375
1 0.3125 0.2956730769230769 0.125 0.10096153846153846
1 0.5576923076923077 0.28125 0.0889423076923077 0.1201923076923077
1 0.8870192307692307 0.3076923076923077 0.10817307692307693 0.0889423076923077
1 0.34375 0.28365384615384615 0.08413461538461539 0.08173076923076923
1 0.01201923076923077 0.2932692307692308 0.019230769230769232 0.07451923076923077
1 0.7487980769230769 0.03365384615384615 0.06971153846153846 0.0673076923076923
1 0.3137019230769231 0.04447115384615385 0.12740384615384615 0.0889423076923077
1 0.5576923076923077 0.056490384615384616 0.09134615384615384 0.11298076923076923
1 0.8870192307692307 0.03485576923076923 0.11057692307692307 0.06971153846153846
1 0.34375 0.04807692307692308 0.08413461538461539 0.08173076923076923
1 0.01201923076923077 0.038461538461538464 0.019230769230769232 0.07451923076923077