1 0.7043269230769231 0.25961538461538464 0.12259615384615384 0.17067307692307693
1 0.3125 0.24278846153846154 0.11778846153846154 0.14903846153846154
2 0.2980769230769231 0.4951923076923077 0.3004807692307692 0.6538461538461539
2 0.7091346153846154 0.5048076923076923 0.2283653846153846 0.6442307692307693
2 0.12980769230769232 0.5 0.13942307692307693 0.3317307692307692
1 0.7043269230769231 0.07932692307692307 0.125 0.15865384615384615
1 0.3125 0.0889423076923077 0.11778846153846154 0.14903846153846154
2 0.2980769230769231 0.0829326923076923 0.30288461538461536 0.1658653846153846
2 0.2980769230769231 0.9182692307692307 0.30288461538461536 0.15384615384615385
2 0.7091346153846154 0.07572115384615384 0.23076923076923078 0.15144230769230768
2 0.7091346153846154 0.9158653846153846 0.23076923076923078 0.15865384615384615