0 0.27884615384615385 0.5480769230769231 0.052884615384615384 0.08173076923076923
0 0.49759615384615385 0.5576923076923077 0.04567307692307692 0.057692307692307696
0 0.040865384615384616 0.5264423076923077 0.05048076923076923 0.06971153846153846
0 0.23798076923076922 0.5625 0.04326923076923077 0.0625
0 0.14903846153846154 0.5456730769230769 0.055288461538461536 0.057692307692307696
0 0.08173076923076923 0.5480769230769231 0.038461538461538464 0.05048076923076923
0 0.3942307692307692 0.5360576923076923 0.03125 0.040865384615384616
0 0.4519230769230769 0.5504807692307693 0.036057692307692304 0.052884615384615384
0 0.5697115384615384 0.5408653846153846 0.04326923076923077 0.04567307692307692
0 0.6850961538461539 0.5408653846153846 0.04326923076923077 0.055288461538461536
0 0.7716346153846154 0.5504807692307693 0.038461538461538464 0.04326923076923077
0 0.8341346153846154 0.5336538461538461 0.03125 0.040865384615384616
0 0.9639423076923077 0.5408653846153846 0.04326923076923077 0.055288461538461536
0 0.9086538461538461 0.5600961538461539 0.040865384615384616 0.05048076923076923
0 0.4182692307692308 0.5480769230769231 0.016826923076923076 0.03125