1 0.12740384615384615 0.2644230769230769 0.10096153846153846 0.12980769230769232
1 0.75 0.28846153846153844 0.08173076923076923 0.10096153846153846
1 0.6274038461538461 0.3557692307692308 0.055288461538461536 0.07451923076923077
1 0.8269230769230769 0.3629807692307692 0.052884615384615384 0.07451923076923077
1 0.34615384615384615 0.31490384615384615 0.06971153846153846 0.07451923076923077
1 0.5456730769230769 0.3485576923076923 0.0625 0.07211538461538461
1 0.2956730769230769 0.34615384615384615 0.057692307692307696 0.07932692307692307
1 0.4375 0.36778846153846156 0.055288461538461536 0.07451923076923077
1 0.49759615384615385 0.3870192307692308 0.05048076923076923 0.06009615384615385
1 0.12740384615384615 0.0673076923076923 0.10096153846153846 0.12980769230769232
1 0.7512019230769231 0.04807692307692308 0.08413461538461539 0.09615384615384616
1 0.6274038461538461 0.007211538461538462 0.057692307692307696 0.014423076923076924
1 0.34615384615384615 0.027644230769230768 0.07211538461538461 0.055288461538461536
1 0.546875 0.010817307692307692 0.06490384615384616 0.021634615384615384
1 0.296875 0.013221153846153846 0.06009615384615385 0.026442307692307692