0 0.9206730769230769 0.3918269230769231 0.08413461538461539 0.10096153846153846
0 0.7139423076923077 0.39903846153846156 0.07932692307692307 0.0985576923076923
0 0.23798076923076922 0.4831730769230769 0.10336538461538461 0.11778846153846154
0 0.5889423076923077 0.40384615384615385 0.07451923076923077 0.10817307692307693
0 0.14423076923076922 0.3942307692307692 0.13701923076923078 0.20192307692307693
0 0.43990384615384615 0.4110576923076923 0.09375 0.11298076923076923
0 0.33413461538461536 0.49038461538461536 0.10576923076923077 0.12740384615384615
0 0.5456730769230769 0.4110576923076923 0.04807692307692308 0.08173076923076923
0 0.05048076923076923 0.40384615384615385 0.09375 0.21634615384615385
0 0.6610576923076923 0.44711538461538464 0.04326923076923077 0.06490384615384616
0 0.8149038461538461 0.44471153846153844 0.026442307692307692 0.03365384615384615
0 0.9206730769230769 0.010817307692307692 0.08653846153846154 0.021634615384615384
0 0.14423076923076922 0.03485576923076923 0.13942307692307693 0.06971153846153846
0 0.05048076923076923 0.03365384615384615 0.09615384615384616 0.0673076923076923