0 0.5456730769230769 0.41586538461538464 0.06490384615384616 0.08413461538461539
0 0.6778846153846154 0.39903846153846156 0.0625 0.07451923076923077
0 0.24278846153846154 0.4110576923076923 0.06971153846153846 0.08173076923076923
0 0.43990384615384615 0.39663461538461536 0.07932692307692307 0.11298076923076923
0 0.8725961538461539 0.375 0.09375 0.10576923076923077
0 0.9615384615384616 0.36538461538461536 0.0673076923076923 0.07211538461538461
0 0.10336538461538461 0.32211538461538464 0.1778846153846154 0.20432692307692307
0 0.3798076923076923 0.41586538461538464 0.055288461538461536 0.07451923076923077
0 0.7163461538461539 0.38461538461538464 0.03365384615384615 0.0625
0 0.5456730769230769 0.010817307692307692 0.0673076923076923 0.021634615384615384
0 0.6790865384615384 0.016826923076923076 0.06490384615384616 0.03365384615384615
0 0.24278846153846154 0.013221153846153846 0.07211538461538461 0.026442307692307692
0 0.43990384615384615 0.027644230769230768 0.08173076923076923 0.055288461538461536
0 0.8725961538461539 0.037259615384615384 0.09615384615384616 0.07451923076923077
0 0.9627403846153846 0.03365384615384615 0.06971153846153846 0.0673076923076923
0 0.1045673076923077 0.08774038461538461 0.18028846153846154 0.17548076923076922
0 0.3798076923076923 0.008413461538461538 0.057692307692307696 0.016826923076923076
0 0.7175480769230769 0.021634615384615384 0.036057692307692304 0.04326923076923077