1 0.3629807692307692 0.2548076923076923 0.14182692307692307 0.20432692307692307
1 0.4375 0.3293269230769231 0.09615384615384616 0.15865384615384615
1 0.24278846153846154 0.1971153846153846 0.05048076923076923 0.06971153846153846
1 0.10576923076923077 0.22115384615384615 0.08173076923076923 0.09615384615384616
1 0.04567307692307692 0.28365384615384615 0.08653846153846154 0.2956730769230769
1 0.17067307692307693 0.23317307692307693 0.04567307692307692 0.04807692307692308
1 0.6322115384615384 0.1875 0.1466346153846154 0.1201923076923077
0 0.2932692307692308 0.17307692307692307 0.08653846153846154 0.09375
0 0.5 0.21153846153846154 0.057692307692307696 0.0889423076923077
1 0.3629807692307692 0.04927884615384615 0.14423076923076922 0.0985576923076923
1 0.24278846153846154 0.052884615384615384 0.05048076923076923 0.06971153846153846
1 0.10697115384615384 0.039663461538461536 0.08413461538461539 0.07932692307692307
1 0.046875 0.057692307692307696 0.0889423076923077 0.11538461538461539
1 0.17067307692307693 0.021634615384615384 0.04807692307692308 0.04326923076923077
1 0.6322115384615384 0.0625 0.1466346153846154 0.1201923076923077
0 0.2932692307692308 0.07692307692307693 0.08653846153846154 0.09375
0 0.5012019230769231 0.042067307692307696 0.06009615384615385 0.08413461538461539