1 0.33653846153846156 0.5697115384615384 0.057692307692307696 0.07451923076923077
1 0.5576923076923077 0.2644230769230769 0.0625 0.0625
0 0.6850961538461539 0.21875 0.06971153846153846 0.08413461538461539
0 0.6442307692307693 0.2548076923076923 0.09375 0.10096153846153846
0 0.7427884615384616 0.2548076923076923 0.07692307692307693 0.08413461538461539
0 0.7908653846153846 0.19951923076923078 0.06490384615384616 0.0625
0 0.875 0.21634615384615385 0.057692307692307696 0.0889423076923077
0 0.9423076923076923 0.1971153846153846 0.09134615384615384 0.057692307692307696
1 0.5576923076923077 0.0673076923076923 0.0625 0.0625
0 0.6850961538461539 0.11298076923076923 0.06971153846153846 0.08413461538461539
0 0.6442307692307693 0.07692307692307693 0.09375 0.10096153846153846
0 0.7427884615384616 0.07692307692307693 0.07692307692307693 0.08413461538461539
0 0.7908653846153846 0.13221153846153846 0.06490384615384616 0.0625
0 0.875 0.11538461538461539 0.057692307692307696 0.0889423076923077
0 0.9423076923076923 0.1346153846153846 0.09134615384615384 0.057692307692307696