1 0.6298076923076923 0.34375 0.0625 0.08653846153846154
1 0.8846153846153846 0.3629807692307692 0.057692307692307696 0.08653846153846154
1 0.2668269230769231 0.36538461538461536 0.06009615384615385 0.08413461538461539
1 0.6875 0.3605769230769231 0.04807692307692308 0.0673076923076923
1 0.3389423076923077 0.38221153846153844 0.038461538461538464 0.055288461538461536
0 0.43028846153846156 0.36538461538461536 0.0625 0.08653846153846154
0 0.21634615384615385 0.3701923076923077 0.04807692307692308 0.0625
0 0.36778846153846156 0.38221153846153844 0.028846153846153848 0.04326923076923077
0 0.5721153846153846 0.37259615384615385 0.028846153846153848 0.036057692307692304
1 0.7355769230769231 0.36538461538461536 0.03125 0.04326923076923077
1 0.78125 0.36778846153846156 0.040865384615384616 0.057692307692307696
1 0.6310096153846154 0.016826923076923076 0.06490384615384616 0.03365384615384615