0 0.23557692307692307 0.375 0.07451923076923077 0.10817307692307693
0 0.3942307692307692 0.3870192307692308 0.09375 0.11057692307692307
0 0.9110576923076923 0.37740384615384615 0.12740384615384615 0.15625
0 0.6418269230769231 0.41346153846153844 0.057692307692307696 0.07692307692307693
0 0.5673076923076923 0.37259615384615385 0.10096153846153846 0.11778846153846154
0 0.7548076923076923 0.3894230769230769 0.09375 0.12980769230769232
0 0.96875 0.34134615384615385 0.052884615384615384 0.15865384615384615
0 0.11538461538461539 0.4326923076923077 0.04567307692307692 0.057692307692307696
0 0.4879807692307692 0.43028846153846156 0.040865384615384616 0.05048076923076923
0 0.8149038461538461 0.43028846153846156 0.055288461538461536 0.07451923076923077
0 0.31490384615384615 0.43509615384615385 0.038461538461538464 0.052884615384615384
0 0.9110576923076923 0.016826923076923076 0.12980769230769232 0.03365384615384615
0 0.9699519230769231 0.036057692307692304 0.055288461538461536 0.07211538461538461