1 0.2980769230769231 0.4423076923076923 0.052884615384615384 0.06971153846153846
0 0.7331730769230769 0.43509615384615385 0.05048076923076923 0.07932692307692307
0 0.7932692307692307 0.4110576923076923 0.06009615384615385 0.07692307692307693
0 0.6105769230769231 0.4375 0.05048076923076923 0.0673076923076923
0 0.08173076923076923 0.46875 0.055288461538461536 0.06009615384615385
0 0.5288461538461539 0.43509615384615385 0.04567307692307692 0.057692307692307696
0 0.25240384615384615 0.4807692307692308 0.04807692307692308 0.052884615384615384
0 0.3798076923076923 0.49278846153846156 0.038461538461538464 0.05048076923076923
0 0.4230769230769231 0.4807692307692308 0.040865384615384616 0.0625
1 0.47596153846153844 0.4326923076923077 0.03125 0.04567307692307692
1 0.29927884615384615 0.015625 0.055288461538461536 0.03125
0 0.7331730769230769 0.021634615384615384 0.052884615384615384 0.04326923076923077
0 0.7932692307692307 0.03365384615384615 0.0625 0.0673076923076923
0 0.6105769230769231 0.018028846153846152 0.052884615384615384 0.036057692307692304
0 0.5288461538461539 0.016826923076923076 0.04807692307692308 0.03365384615384615
1 0.47596153846153844 0.014423076923076924 0.03365384615384615 0.028846153846153848