1 0.11538461538461539 0.3605769230769231 0.07932692307692307 0.11778846153846154
1 0.8557692307692307 0.37740384615384615 0.0673076923076923 0.09375
1 0.6850961538461539 0.3605769230769231 0.09134615384615384 0.11778846153846154
1 0.375 0.36778846153846156 0.07932692307692307 0.10096153846153846
1 0.9711538461538461 0.3942307692307692 0.05048076923076923 0.11778846153846154
1 0.43509615384615385 0.3798076923076923 0.055288461538461536 0.07451923076923077
1 0.24519230769230768 0.3870192307692308 0.05048076923076923 0.07451923076923077
1 0.4831730769230769 0.3942307692307692 0.052884615384615384 0.08173076923076923
1 0.6514423076923077 0.36778846153846156 0.057692307692307696 0.09615384615384616
1 0.53125 0.40625 0.036057692307692304 0.057692307692307696
0 0.5841346153846154 0.3894230769230769 0.040865384615384616 0.06009615384615385
1 0.30528846153846156 0.40625 0.038461538461538464 0.05048076923076923
1 0.07692307692307693 0.3918269230769231 0.057692307692307696 0.08173076923076923