1 0.13942307692307693 0.6081730769230769 0.17067307692307693 0.125
1 0.8942307692307693 0.7067307692307693 0.20192307692307693 0.21153846153846154
1 0.7283653846153846 0.6346153846153846 0.0673076923076923 0.0673076923076923
1 0.34615384615384615 0.6538461538461539 0.0889423076923077 0.08173076923076923
1 0.6706730769230769 0.6899038461538461 0.0985576923076923 0.11538461538461539
2 0.17067307692307693 0.6947115384615384 0.3317307692307692 0.2644230769230769
2 0.3629807692307692 0.7211538461538461 0.23076923076923078 0.2091346153846154
2 0.65625 0.7307692307692307 0.23317307692307693 0.18990384615384615
2 0.75 0.7163461538461539 0.10817307692307693 0.21875
1 0.8954326923076923 0.921875 0.20432692307692307 0.15144230769230768
1 0.34615384615384615 0.9807692307692307 0.09134615384615384 0.03365384615384615
1 0.6706730769230769 0.9543269230769231 0.10096153846153846 0.08653846153846154
2 0.171875 0.9146634615384616 0.33413461538461536 0.1658653846153846
2 0.3641826923076923 0.9146634615384616 0.23317307692307693 0.1658653846153846
2 0.65625 0.9146634615384616 0.23557692307692307 0.1658653846153846
2 0.75 0.9146634615384616 0.11057692307692307 0.1658653846153846