1 0.23076923076923078 0.36778846153846156 0.04807692307692308 0.0625
1 0.33413461538461536 0.3798076923076923 0.057692307692307696 0.055288461538461536
1 0.42788461538461536 0.37740384615384615 0.04567307692307692 0.057692307692307696
1 0.4951923076923077 0.37740384615384615 0.03365384615384615 0.05048076923076923
1 0.53125 0.37740384615384615 0.040865384615384616 0.0625
1 0.5625 0.3894230769230769 0.03125 0.040865384615384616
1 0.6177884615384616 0.3894230769230769 0.038461538461538464 0.052884615384615384
1 0.5985576923076923 0.37259615384615385 0.036057692307692304 0.06009615384615385
1 0.6466346153846154 0.3798076923076923 0.036057692307692304 0.05048076923076923
1 0.7283653846153846 0.3870192307692308 0.038461538461538464 0.057692307692307696
1 0.7716346153846154 0.3701923076923077 0.0625 0.07932692307692307