0 0.055288461538461536 0.5240384615384616 0.055288461538461536 0.057692307692307696
0 0.15144230769230768 0.5072115384615384 0.07451923076923077 0.0985576923076923
0 0.24759615384615385 0.5216346153846154 0.05048076923076923 0.057692307692307696
0 0.3076923076923077 0.5168269230769231 0.0673076923076923 0.08173076923076923
1 0.37740384615384615 0.53125 0.03365384615384615 0.052884615384615384
0 0.41346153846153844 0.5120192307692307 0.052884615384615384 0.06971153846153846
0 0.4495192307692308 0.5216346153846154 0.03125 0.04807692307692308
1 0.5216346153846154 0.5336538461538461 0.021634615384615384 0.04567307692307692
0 0.5528846153846154 0.5336538461538461 0.04326923076923077 0.055288461538461536
1 0.6298076923076923 0.5192307692307693 0.04326923076923077 0.0625
1 0.7596153846153846 0.5336538461538461 0.04326923076923077 0.05048076923076923