1 0.8149038461538461 0.2668269230769231 0.09615384615384616 0.1346153846153846
1 0.23076923076923078 0.3269230769230769 0.07211538461538461 0.08653846153846154
1 0.3293269230769231 0.31009615384615385 0.06009615384615385 0.07451923076923077
0 0.6658653846153846 0.2956730769230769 0.06971153846153846 0.08173076923076923
0 0.5 0.31490384615384615 0.04567307692307692 0.08173076923076923
0 0.3629807692307692 0.30288461538461536 0.03125 0.057692307692307696
0 0.41586538461538464 0.31971153846153844 0.036057692307692304 0.04807692307692308
0 0.5600961538461539 0.32211538461538464 0.03125 0.04326923076923077
0 0.6201923076923077 0.31490384615384615 0.03125 0.04567307692307692
1 0.75 0.33653846153846156 0.04567307692307692 0.055288461538461536
1 0.8161057692307693 0.026442307692307692 0.0985576923076923 0.052884615384615384