1 0.4230769230769231 0.28365384615384615 0.11298076923076923 0.11538461538461539
1 0.5024038461538461 0.31490384615384615 0.15384615384615385 0.14423076923076922
1 0.9567307692307693 0.31490384615384615 0.06009615384615385 0.0673076923076923
1 0.7475961538461539 0.3076923076923077 0.06490384615384616 0.0673076923076923
1 0.8533653846153846 0.39903846153846156 0.057692307692307696 0.0625
1 0.7019230769230769 0.3485576923076923 0.07451923076923077 0.07932692307692307
0 0.75 0.20192307692307693 0.04807692307692308 0.0625
0 0.6394230769230769 0.21634615384615385 0.04326923076923077 0.055288461538461536
0 0.5697115384615384 0.21394230769230768 0.06009615384615385 0.06009615384615385
0 0.2956730769230769 0.2860576923076923 0.05048076923076923 0.06009615384615385
0 0.3317307692307692 0.21394230769230768 0.055288461538461536 0.0625
0 0.49038461538461536 0.21394230769230768 0.052884615384615384 0.06009615384615385
0 0.1875 0.19951923076923078 0.040865384615384616 0.055288461538461536