1 0.8461538461538461 0.3557692307692308 0.07211538461538461 0.08173076923076923
1 0.9302884615384616 0.34134615384615385 0.0625 0.07932692307692307
1 0.7115384615384616 0.34134615384615385 0.05048076923076923 0.06971153846153846
1 0.41346153846153844 0.34375 0.04807692307692308 0.06490384615384616
1 0.5600961538461539 0.35096153846153844 0.057692307692307696 0.06971153846153846
1 0.6610576923076923 0.34134615384615385 0.040865384615384616 0.0625
1 0.2980769230769231 0.3629807692307692 0.04567307692307692 0.06009615384615385
1 0.49278846153846156 0.34615384615384615 0.040865384615384616 0.057692307692307696
1 0.0985576923076923 0.34615384615384615 0.04567307692307692 0.0625
1 0.1875 0.43028846153846156 0.06009615384615385 0.04807692307692308
1 0.19471153846153846 0.35336538461538464 0.03365384615384615 0.04567307692307692
1 0.7596153846153846 0.3629807692307692 0.04807692307692308 0.08173076923076923
1 0.53125 0.3629807692307692 0.040865384615384616 0.06490384615384616