1 0.16826923076923078 0.2860576923076923 0.07692307692307693 0.09134615384615384
1 0.7740384615384616 0.28125 0.06971153846153846 0.07211538461538461
1 0.23798076923076922 0.2668269230769231 0.06971153846153846 0.0889423076923077
1 0.44711538461538464 0.3317307692307692 0.06490384615384616 0.07932692307692307
1 0.6586538461538461 0.33413461538461536 0.057692307692307696 0.055288461538461536
1 0.6923076923076923 0.3076923076923077 0.03365384615384615 0.04807692307692308
1 0.16826923076923078 0.04567307692307692 0.07692307692307693 0.09134615384615384
1 0.7740384615384616 0.05048076923076923 0.06971153846153846 0.07211538461538461
1 0.23798076923076922 0.06490384615384616 0.06971153846153846 0.0889423076923077
1 0.44711538461538464 0.020432692307692308 0.0673076923076923 0.040865384615384616
1 0.6598557692307693 0.013221153846153846 0.06009615384615385 0.026442307692307692
1 0.6923076923076923 0.02403846153846154 0.03365384615384615 0.04807692307692308