0 0.9447115384615384 0.4326923076923077 0.06490384615384616 0.08173076923076923
0 0.6009615384615384 0.4855769230769231 0.13221153846153846 0.14182692307692307
0 0.8725961538461539 0.46875 0.07451923076923077 0.07211538461538461
0 0.7019230769230769 0.4375 0.055288461538461536 0.06490384615384616
0 0.06490384615384616 0.4230769230769231 0.09375 0.08173076923076923
0 0.8100961538461539 0.45913461538461536 0.0889423076923077 0.0985576923076923
0 0.2668269230769231 0.4831730769230769 0.13221153846153846 0.14182692307692307
0 0.5240384615384616 0.38221153846153844 0.04807692307692308 0.0673076923076923
0 0.18028846153846154 0.43509615384615385 0.08413461538461539 0.08413461538461539
0 0.05048076923076923 0.37740384615384615 0.06009615384615385 0.055288461538461536
0 0.17067307692307693 0.3629807692307692 0.04326923076923077 0.040865384615384616
0 0.33413461538461536 0.39663461538461536 0.028846153846153848 0.038461538461538464
0 0.42788461538461536 0.3918269230769231 0.04567307692307692 0.04807692307692308
0 0.6153846153846154 0.4110576923076923 0.057692307692307696 0.05048076923076923
0 0.9447115384615384 0.02403846153846154 0.0673076923076923 0.04807692307692308
0 0.7019230769230769 0.016826923076923076 0.057692307692307696 0.03365384615384615
0 0.06490384615384616 0.028846153846153848 0.09615384615384616 0.057692307692307696
0 0.8100961538461539 0.014423076923076924 0.09134615384615384 0.028846153846153848
0 0.5240384615384616 0.055288461538461536 0.04807692307692308 0.0673076923076923
0 0.18028846153846154 0.02283653846153846 0.08653846153846154 0.04567307692307692
0 0.05048076923076923 0.06009615384615385 0.06009615384615385 0.055288461538461536
0 0.17067307692307693 0.07451923076923077 0.04326923076923077 0.040865384615384616
0 0.33413461538461536 0.040865384615384616 0.028846153846153848 0.038461538461538464
0 0.42788461538461536 0.04567307692307692 0.04567307692307692 0.04807692307692308
0 0.6153846153846154 0.026442307692307692 0.057692307692307696 0.05048076923076923