1 0.09375 0.3317307692307692 0.14423076923076922 0.1778846153846154
1 0.4639423076923077 0.3629807692307692 0.08173076923076923 0.11778846153846154
1 0.7788461538461539 0.3581730769230769 0.08173076923076923 0.10817307692307693
1 0.8870192307692307 0.36538461538461536 0.09375 0.10817307692307693
1 0.3870192307692308 0.36778846153846156 0.04567307692307692 0.06971153846153846
1 0.6634615384615384 0.3485576923076923 0.055288461538461536 0.07932692307692307
1 0.7307692307692307 0.375 0.03365384615384615 0.0673076923076923
1 0.59375 0.36778846153846156 0.04567307692307692 0.06490384615384616
0 0.21394230769230768 0.3870192307692308 0.038461538461538464 0.055288461538461536
1 0.15384615384615385 0.4014423076923077 0.038461538461538464 0.0673076923076923
0 0.9735576923076923 0.3701923076923077 0.040865384615384616 0.07451923076923077
1 0.09495192307692307 0.040865384615384616 0.1466346153846154 0.08173076923076923