1 0.3942307692307692 0.53125 0.021634615384615384 0.028846153846153848
1 0.5336538461538461 0.5649038461538461 0.019230769230769232 0.02403846153846154
1 0.6129807692307693 0.7139423076923077 0.02403846153846154 0.021634615384615384
1 0.7235576923076923 0.5408653846153846 0.021634615384615384 0.02403846153846154
1 0.8990384615384616 0.6947115384615384 0.021634615384615384 0.028846153846153848
1 0.8245192307692307 0.7475961538461539 0.028846153846153848 0.026442307692307692
1 0.7115384615384616 0.4879807692307692 0.016826923076923076 0.021634615384615384
0 0.8485576923076923 0.5384615384615384 0.019230769230769232 0.02403846153846154
1 0.6129807692307693 0.9495192307692307 0.02403846153846154 0.021634615384615384
1 0.8990384615384616 0.96875 0.021634615384615384 0.028846153846153848
1 0.8245192307692307 0.9158653846153846 0.028846153846153848 0.026442307692307692