1 0.10576923076923077 0.44711538461538464 0.10576923076923077 0.12259615384615384
1 0.9350961538461539 0.5 0.04326923076923077 0.04326923076923077
1 0.8894230769230769 0.49759615384615385 0.03365384615384615 0.040865384615384616
1 0.36778846153846156 0.46634615384615385 0.06971153846153846 0.09375
1 0.41586538461538464 0.47836538461538464 0.04567307692307692 0.07211538461538461
1 0.46634615384615385 0.4855769230769231 0.04326923076923077 0.057692307692307696
1 0.49759615384615385 0.46875 0.038461538461538464 0.06009615384615385
1 0.6009615384615384 0.5 0.040865384615384616 0.04567307692307692
1 0.6514423076923077 0.49759615384615385 0.036057692307692304 0.04567307692307692
1 0.7259615384615384 0.49278846153846156 0.038461538461538464 0.05048076923076923
1 0.7860576923076923 0.5048076923076923 0.021634615384615384 0.03125
1 0.8461538461538461 0.49759615384615385 0.03365384615384615 0.04326923076923077
1 0.8197115384615384 0.4951923076923077 0.021634615384615384 0.038461538461538464
0 0.5649038461538461 0.4831730769230769 0.028846153846153848 0.040865384615384616
0 0.5144230769230769 0.4951923076923077 0.026442307692307692 0.03365384615384615