1 0.25961538461538464 0.42788461538461536 0.055288461538461536 0.07692307692307693
1 0.49278846153846156 0.43990384615384615 0.04326923076923077 0.06009615384615385
0 0.20192307692307693 0.46153846153846156 0.06971153846153846 0.08413461538461539
0 0.6995192307692307 0.4326923076923077 0.06490384615384616 0.0889423076923077
0 0.9326923076923077 0.38461538461538464 0.12259615384615384 0.13701923076923078
0 0.5913461538461539 0.4423076923076923 0.06490384615384616 0.07692307692307693
0 0.8293269230769231 0.4326923076923077 0.057692307692307696 0.07932692307692307
0 0.13942307692307693 0.4567307692307692 0.055288461538461536 0.06490384615384616
0 0.38461538461538464 0.4639423076923077 0.05048076923076923 0.06971153846153846
0 0.7548076923076923 0.4495192307692308 0.04567307692307692 0.057692307692307696
0 0.6586538461538461 0.4423076923076923 0.03365384615384615 0.06009615384615385
0 0.08173076923076923 0.47836538461538464 0.04326923076923077 0.057692307692307696
0 0.3485576923076923 0.4855769230769231 0.04567307692307692 0.06009615384615385
0 0.4230769230769231 0.4326923076923077 0.03365384615384615 0.04567307692307692
0 0.4495192307692308 0.47115384615384615 0.04326923076923077 0.05048076923076923
0 0.7956730769230769 0.4543269230769231 0.03365384615384615 0.0625
0 0.5264423076923077 0.47115384615384615 0.038461538461538464 0.05048076923076923