0 0.06490384615384616 0.3605769230769231 0.06490384615384616 0.08413461538461539
0 0.18269230769230768 0.32211538461538464 0.06490384615384616 0.08173076923076923
0 0.2283653846153846 0.2668269230769231 0.052884615384615384 0.07932692307692307
0 0.3076923076923077 0.3293269230769231 0.0625 0.08173076923076923
0 0.36538461538461536 0.3076923076923077 0.057692307692307696 0.08173076923076923
0 0.42788461538461536 0.25961538461538464 0.05048076923076923 0.057692307692307696
0 0.47596153846153844 0.33413461538461536 0.0625 0.06971153846153846
0 0.5024038461538461 0.28125 0.04807692307692308 0.06971153846153846
0 0.6105769230769231 0.28365384615384615 0.057692307692307696 0.06971153846153846
0 0.8052884615384616 0.3894230769230769 0.055288461538461536 0.0625
0 0.6634615384615384 0.28846153846153844 0.05048076923076923 0.06971153846153846
0 0.9423076923076923 0.3581730769230769 0.0673076923076923 0.0985576923076923
0 0.8389423076923077 0.32211538461538464 0.055288461538461536 0.06971153846153846
0 0.7668269230769231 0.29086538461538464 0.06490384615384616 0.07692307692307693
0 0.7596153846153846 0.23076923076923078 0.04567307692307692 0.057692307692307696
0 0.8365384615384616 0.2548076923076923 0.055288461538461536 0.0625
0 0.22956730769230768 0.01201923076923077 0.055288461538461536 0.02403846153846154
0 0.42788461538461536 0.010817307692307692 0.052884615384615384 0.021634615384615384
0 0.7596153846153846 0.025240384615384616 0.04807692307692308 0.05048076923076923
0 0.8365384615384616 0.014423076923076924 0.057692307692307696 0.028846153846153848