1 0.18269230769230768 0.5024038461538461 0.052884615384615384 0.057692307692307696
1 0.3269230769230769 0.49278846153846156 0.03365384615384615 0.036057692307692304
1 0.375 0.49278846153846156 0.02403846153846154 0.036057692307692304
1 0.49038461538461536 0.47596153846153844 0.03365384615384615 0.04567307692307692
1 0.5889423076923077 0.47596153846153844 0.036057692307692304 0.04807692307692308
1 0.7019230769230769 0.46875 0.040865384615384616 0.055288461538461536
1 0.8629807692307693 0.43990384615384615 0.04567307692307692 0.057692307692307696
1 0.7355769230769231 0.4567307692307692 0.04567307692307692 0.057692307692307696
1 0.8076923076923077 0.46634615384615385 0.03365384615384615 0.04807692307692308
1 0.27163461538461536 0.47115384615384615 0.04567307692307692 0.05048076923076923
1 0.37740384615384615 0.4735576923076923 0.03365384615384615 0.028846153846153848