1 0.1346153846153846 0.36538461538461536 0.12740384615384615 0.15625
1 0.27163461538461536 0.3581730769230769 0.11778846153846154 0.14182692307692307
1 0.43028846153846156 0.3870192307692308 0.10817307692307693 0.1346153846153846
1 0.46634615384615385 0.32211538461538464 0.07451923076923077 0.10817307692307693
1 0.7836538461538461 0.33413461538461536 0.10336538461538461 0.14903846153846154
1 0.7235576923076923 0.37740384615384615 0.08173076923076923 0.0985576923076923
0 0.5552884615384616 0.3557692307692308 0.11778846153846154 0.15384615384615385
0 0.9543269230769231 0.34134615384615385 0.0673076923076923 0.10576923076923077
1 0.8725961538461539 0.34134615384615385 0.055288461538461536 0.09375
1 0.1346153846153846 0.020432692307692308 0.12980769230769232 0.040865384615384616
1 0.27163461538461536 0.020432692307692308 0.1201923076923077 0.040865384615384616
1 0.46634615384615385 0.030048076923076924 0.07692307692307693 0.06009615384615385
1 0.7836538461538461 0.03485576923076923 0.10576923076923077 0.06971153846153846
0 0.5552884615384616 0.025240384615384616 0.1201923076923077 0.05048076923076923
0 0.9555288461538461 0.020432692307692308 0.06971153846153846 0.040865384615384616
1 0.8725961538461539 0.016826923076923076 0.057692307692307696 0.03365384615384615