1 0.5961538461538461 0.2692307692307692 0.06971153846153846 0.09375
1 0.3798076923076923 0.2764423076923077 0.06971153846153846 0.07451923076923077
1 0.7668269230769231 0.3293269230769231 0.09375 0.1201923076923077
1 0.06009615384615385 0.32211538461538464 0.11778846153846154 0.1658653846153846
1 0.9447115384615384 0.31009615384615385 0.055288461538461536 0.06971153846153846
1 0.2692307692307692 0.2932692307692308 0.04326923076923077 0.052884615384615384
1 0.23076923076923078 0.27403846153846156 0.03365384615384615 0.04567307692307692
0 0.34375 0.28846153846153844 0.03125 0.04807692307692308
1 0.4254807692307692 0.28846153846153844 0.03365384615384615 0.0625
1 0.47596153846153844 0.2860576923076923 0.03365384615384615 0.04807692307692308
1 0.5096153846153846 0.2860576923076923 0.038461538461538464 0.055288461538461536
0 0.15384615384615385 0.28125 0.040865384615384616 0.03365384615384615
1 0.18269230769230768 0.2668269230769231 0.03365384615384615 0.036057692307692304
0 0.8317307692307693 0.3245192307692308 0.05048076923076923 0.08653846153846154
1 0.71875 0.2644230769230769 0.03365384615384615 0.038461538461538464
1 0.5961538461538461 0.02403846153846154 0.07211538461538461 0.04807692307692308
1 0.3798076923076923 0.015625 0.07211538461538461 0.03125
1 0.23197115384615385 0.009615384615384616 0.036057692307692304 0.019230769230769232
1 0.4266826923076923 0.007211538461538462 0.036057692307692304 0.014423076923076924
1 0.47716346153846156 0.004807692307692308 0.036057692307692304 0.009615384615384616
1 0.5108173076923077 0.006009615384615385 0.040865384615384616 0.01201923076923077
0 0.15384615384615385 0.003605769230769231 0.04326923076923077 0.007211538461538462
1 0.18389423076923078 0.010817307692307692 0.036057692307692304 0.021634615384615384
1 0.7199519230769231 0.013221153846153846 0.036057692307692304 0.026442307692307692