1 0.8870192307692307 0.31971153846153844 0.0625 0.08653846153846154
1 0.2644230769230769 0.33653846153846156 0.0625 0.08653846153846154
1 0.49038461538461536 0.35336538461538464 0.04326923076923077 0.06971153846153846
1 0.5649038461538461 0.3629807692307692 0.04807692307692308 0.06009615384615385
1 0.36538461538461536 0.3605769230769231 0.04326923076923077 0.06009615384615385
1 0.19951923076923078 0.36778846153846156 0.026442307692307692 0.055288461538461536
1 0.016826923076923076 0.3918269230769231 0.03365384615384615 0.04567307692307692
1 0.8461538461538461 0.3605769230769231 0.019230769230769232 0.028846153846153848
1 0.8882211538461539 0.028846153846153848 0.06490384615384616 0.057692307692307696
1 0.265625 0.020432692307692308 0.06490384615384616 0.040865384615384616
1 0.49158653846153844 0.007211538461538462 0.04567307692307692 0.014423076923076924