1 0.15625 0.23798076923076922 0.11778846153846154 0.12740384615384615
1 0.3870192307692308 0.4639423076923077 0.09134615384615384 0.10576923076923077
1 0.7307692307692307 0.3004807692307692 0.036057692307692304 0.038461538461538464
1 0.40865384615384615 0.28125 0.021634615384615384 0.028846153846153848
1 0.7139423076923077 0.2692307692307692 0.026442307692307692 0.026442307692307692
1 0.41586538461538464 0.23317307692307693 0.019230769230769232 0.021634615384615384
1 0.36778846153846156 0.2620192307692308 0.021634615384615384 0.021634615384615384
1 0.5745192307692307 0.24278846153846154 0.016826923076923076 0.016826923076923076
1 0.5552884615384616 0.2620192307692308 0.014423076923076924 0.021634615384615384
1 0.15625 0.0985576923076923 0.11778846153846154 0.12740384615384615
1 0.7307692307692307 0.036057692307692304 0.036057692307692304 0.038461538461538464
1 0.40865384615384615 0.055288461538461536 0.021634615384615384 0.028846153846153848
1 0.7139423076923077 0.0673076923076923 0.026442307692307692 0.026442307692307692
1 0.41586538461538464 0.10336538461538461 0.019230769230769232 0.021634615384615384
1 0.36778846153846156 0.07451923076923077 0.021634615384615384 0.021634615384615384
1 0.5745192307692307 0.09375 0.016826923076923076 0.016826923076923076
1 0.5552884615384616 0.07451923076923077 0.014423076923076924 0.021634615384615384