1 0.3317307692307692 0.2956730769230769 0.04807692307692308 0.05048076923076923
1 0.6730769230769231 0.27163461538461536 0.05048076923076923 0.0625
1 0.13942307692307693 0.3125 0.038461538461538464 0.057692307692307696
1 0.2091346153846154 0.33413461538461536 0.03365384615384615 0.04567307692307692
1 0.2283653846153846 0.3125 0.028846153846153848 0.040865384615384616
1 0.8317307692307693 0.37740384615384615 0.0625 0.08653846153846154
1 0.6995192307692307 0.28125 0.03365384615384615 0.057692307692307696
1 0.6009615384615384 0.2956730769230769 0.04326923076923077 0.057692307692307696
1 0.43990384615384615 0.3076923076923077 0.04326923076923077 0.06009615384615385
1 0.4855769230769231 0.3245192307692308 0.04807692307692308 0.057692307692307696
1 0.5360576923076923 0.31971153846153844 0.021634615384615384 0.03365384615384615
1 0.08173076923076923 0.3076923076923077 0.04326923076923077 0.052884615384615384
1 0.01201923076923077 0.30288461538461536 0.021634615384615384 0.055288461538461536
1 0.3317307692307692 0.036057692307692304 0.04807692307692308 0.05048076923076923
1 0.6730769230769231 0.06009615384615385 0.05048076923076923 0.0625
1 0.140625 0.025240384615384616 0.040865384615384616 0.05048076923076923
1 0.21033653846153846 0.010817307692307692 0.036057692307692304 0.021634615384615384
1 0.22956730769230768 0.020432692307692308 0.03125 0.040865384615384616
1 0.6995192307692307 0.05048076923076923 0.03365384615384615 0.057692307692307696
1 0.6009615384615384 0.036057692307692304 0.04326923076923077 0.057692307692307696
1 0.4411057692307692 0.027644230769230768 0.04567307692307692 0.055288461538461536
1 0.48677884615384615 0.019230769230769232 0.05048076923076923 0.038461538461538464
1 0.5360576923076923 0.015625 0.02403846153846154 0.03125
1 0.0829326923076923 0.026442307692307692 0.04567307692307692 0.052884615384615384
1 0.01201923076923077 0.028846153846153848 0.021634615384615384 0.055288461538461536