1 0.7307692307692307 0.3485576923076923 0.19471153846153846 0.23076923076923078
1 0.3629807692307692 0.4879807692307692 0.06971153846153846 0.07932692307692307
1 0.17307692307692307 0.46875 0.0985576923076923 0.125
1 0.25 0.4879807692307692 0.08653846153846154 0.11298076923076923
1 0.4951923076923077 0.47596153846153844 0.05048076923076923 0.055288461538461536
1 0.11057692307692307 0.4206730769230769 0.057692307692307696 0.08173076923076923
1 0.4326923076923077 0.49038461538461536 0.06490384615384616 0.06971153846153846
1 0.6538461538461539 0.40384615384615385 0.07932692307692307 0.09134615384615384
1 0.33413461538461536 0.4495192307692308 0.036057692307692304 0.036057692307692304
0 0.021634615384615384 0.4519230769230769 0.040865384615384616 0.06971153846153846
0 0.040865384615384616 0.39663461538461536 0.05048076923076923 0.0625
1 0.7307692307692307 0.028846153846153848 0.1971153846153846 0.057692307692307696