1 0.30288461538461536 0.2956730769230769 0.08413461538461539 0.12740384615384615
1 0.4375 0.31490384615384615 0.0673076923076923 0.08413461538461539
1 0.7740384615384616 0.3245192307692308 0.07692307692307693 0.10817307692307693
1 0.25 0.3173076923076923 0.055288461538461536 0.08413461538461539
1 0.6610576923076923 0.2764423076923077 0.09375 0.13942307692307693
1 0.04927884615384615 0.22596153846153846 0.0985576923076923 0.14423076923076922
1 0.9495192307692307 0.2980769230769231 0.09375 0.14182692307692307
1 0.7259615384615384 0.3125 0.05048076923076923 0.08173076923076923
1 0.35096153846153844 0.3245192307692308 0.04326923076923077 0.06490384615384616
1 0.6610576923076923 0.02283653846153846 0.09615384615384616 0.04567307692307692
1 0.04927884615384615 0.04807692307692308 0.0985576923076923 0.09615384615384616