0 0.8966346153846154 0.3701923076923077 0.06971153846153846 0.0985576923076923
0 0.3245192307692308 0.37259615384615385 0.08173076923076923 0.09615384615384616
0 0.5576923076923077 0.3701923076923077 0.06971153846153846 0.09134615384615384
0 0.040865384615384616 0.3557692307692308 0.06971153846153846 0.11778846153846154
0 0.8317307692307693 0.40865384615384615 0.11298076923076923 0.14903846153846154
0 0.1201923076923077 0.3870192307692308 0.1201923076923077 0.14423076923076922
0 0.4855769230769231 0.3894230769230769 0.08653846153846154 0.10576923076923077
0 0.24278846153846154 0.3317307692307692 0.10576923076923077 0.14423076923076922
0 0.7043269230769231 0.3701923076923077 0.09375 0.12980769230769232
0 0.37740384615384615 0.36778846153846156 0.057692307692307696 0.06971153846153846
0 0.6394230769230769 0.375 0.04807692307692308 0.07451923076923077
0 0.040865384615384616 0.018028846153846152 0.07211538461538461 0.036057692307692304
0 0.2439903846153846 0.037259615384615384 0.10817307692307693 0.07451923076923077
0 0.7043269230769231 0.014423076923076924 0.09615384615384616 0.028846153846153848