1 0.07211538461538461 0.34615384615384615 0.057692307692307696 0.06490384615384616
0 0.3125 0.34615384615384615 0.07451923076923077 0.07932692307692307
0 0.47836538461538464 0.36538461538461536 0.07211538461538461 0.07451923076923077
0 0.8076923076923077 0.36778846153846156 0.057692307692307696 0.08413461538461539
0 0.625 0.3605769230769231 0.05048076923076923 0.06971153846153846
1 0.5408653846153846 0.35336538461538464 0.02403846153846154 0.040865384615384616
1 0.375 0.35096153846153844 0.03365384615384615 0.05048076923076923
1 0.5721153846153846 0.3557692307692308 0.03125 0.05048076923076923
1 0.7548076923076923 0.36538461538461536 0.028846153846153848 0.04326923076923077
0 0.8990384615384616 0.3701923076923077 0.036057692307692304 0.05048076923076923
0 0.13221153846153846 0.35096153846153844 0.040865384615384616 0.04567307692307692
0 0.019230769230769232 0.3557692307692308 0.03365384615384615 0.04567307692307692
0 0.17067307692307693 0.3485576923076923 0.02403846153846154 0.03365384615384615
1 0.07211538461538461 0.09134615384615384 0.057692307692307696 0.06490384615384616
0 0.3125 0.09134615384615384 0.07451923076923077 0.07932692307692307
0 0.47836538461538464 0.07211538461538461 0.07211538461538461 0.07451923076923077
0 0.8076923076923077 0.06971153846153846 0.057692307692307696 0.08413461538461539
0 0.625 0.07692307692307693 0.05048076923076923 0.06971153846153846
1 0.5408653846153846 0.08413461538461539 0.02403846153846154 0.040865384615384616
1 0.375 0.08653846153846154 0.03365384615384615 0.05048076923076923
1 0.5721153846153846 0.08173076923076923 0.03125 0.05048076923076923
1 0.7548076923076923 0.07211538461538461 0.028846153846153848 0.04326923076923077
0 0.8990384615384616 0.0673076923076923 0.036057692307692304 0.05048076923076923
0 0.13221153846153846 0.08653846153846154 0.040865384615384616 0.04567307692307692
0 0.019230769230769232 0.08173076923076923 0.03365384615384615 0.04567307692307692
0 0.17067307692307693 0.0889423076923077 0.02403846153846154 0.03365384615384615