1 0.3125 0.7235576923076923 0.03365384615384615 0.038461538461538464
1 0.8100961538461539 0.5 0.036057692307692304 0.03365384615384615
1 0.4254807692307692 0.625 0.03365384615384615 0.021634615384615384
1 0.31971153846153844 0.6274038461538461 0.038461538461538464 0.036057692307692304
1 0.4110576923076923 0.5961538461538461 0.03125 0.03125
1 0.47115384615384615 0.43028846153846156 0.036057692307692304 0.036057692307692304
1 0.59375 0.3389423076923077 0.038461538461538464 0.03365384615384615
1 0.5961538461538461 0.4326923076923077 0.038461538461538464 0.038461538461538464
1 0.4639423076923077 0.31971153846153844 0.026442307692307692 0.028846153846153848
1 0.49759615384615385 0.30528846153846156 0.036057692307692304 0.03365384615384615
1 0.5432692307692307 0.2980769230769231 0.03125 0.040865384615384616
1 0.3125 0.9447115384615384 0.03365384615384615 0.038461538461538464
1 0.4639423076923077 0.009615384615384616 0.028846153846153848 0.019230769230769232
1 0.49759615384615385 0.016826923076923076 0.036057692307692304 0.03365384615384615
1 0.5432692307692307 0.02403846153846154 0.03125 0.040865384615384616