0 0.8341346153846154 0.43028846153846156 0.08413461538461539 0.08173076923076923
0 0.7379807692307693 0.3701923076923077 0.055288461538461536 0.07451923076923077
0 0.19230769230769232 0.36778846153846156 0.1201923076923077 0.12259615384615384
0 0.46875 0.3918269230769231 0.057692307692307696 0.06490384615384616
0 0.3125 0.3942307692307692 0.052884615384615384 0.06490384615384616
0 0.7908653846153846 0.3942307692307692 0.052884615384615384 0.06490384615384616
0 0.1346153846153846 0.3389423076923077 0.052884615384615384 0.09375
0 0.38461538461538464 0.4182692307692308 0.03125 0.04567307692307692
0 0.5360576923076923 0.40625 0.040865384615384616 0.057692307692307696
0 0.6105769230769231 0.4206730769230769 0.07211538461538461 0.08173076923076923
0 0.5817307692307693 0.3798076923076923 0.057692307692307696 0.06971153846153846
0 0.6586538461538461 0.4182692307692308 0.03365384615384615 0.04326923076923077
0 0.1935096153846154 0.013221153846153846 0.12259615384615384 0.026442307692307692
0 0.13581730769230768 0.020432692307692308 0.055288461538461536 0.040865384615384616