1 0.06971153846153846 0.31009615384615385 0.08653846153846154 0.11298076923076923
1 0.4807692307692308 0.37259615384615385 0.07211538461538461 0.0889423076923077
1 0.32211538461538464 0.375 0.06490384615384616 0.07211538461538461
1 0.14903846153846154 0.35096153846153844 0.06490384615384616 0.08173076923076923
1 0.21875 0.38221153846153844 0.036057692307692304 0.038461538461538464
1 0.28365384615384615 0.39903846153846156 0.036057692307692304 0.052884615384615384
1 0.41346153846153844 0.3894230769230769 0.03365384615384615 0.04567307692307692
1 0.5408653846153846 0.40625 0.057692307692307696 0.057692307692307696
1 0.6706730769230769 0.40384615384615385 0.04807692307692308 0.04807692307692308
1 0.7139423076923077 0.4254807692307692 0.03365384615384615 0.04567307692307692
1 0.8125 0.4254807692307692 0.0625 0.057692307692307696