1 0.8269230769230769 0.3076923076923077 0.15865384615384615 0.1971153846153846
1 0.5865384615384616 0.3629807692307692 0.12740384615384615 0.1875
1 0.27403846153846156 0.3389423076923077 0.14182692307692307 0.19951923076923078
1 0.42788461538461536 0.3894230769230769 0.10336538461538461 0.13701923076923078
1 0.6514423076923077 0.40384615384615385 0.057692307692307696 0.11057692307692307
1 0.12980769230769232 0.36778846153846156 0.08173076923076923 0.14423076923076922
0 0.5072115384615384 0.39663461538461536 0.055288461538461536 0.09375
1 0.19951923076923078 0.34615384615384615 0.052884615384615384 0.16346153846153846
1 0.828125 0.0625 0.16105769230769232 0.125
1 0.5865384615384616 0.03245192307692308 0.12980769230769232 0.06490384615384616
1 0.27403846153846156 0.046875 0.14423076923076922 0.09375
1 0.1310096153846154 0.019230769230769232 0.08413461538461539 0.038461538461538464
1 0.20072115384615385 0.03485576923076923 0.055288461538461536 0.06971153846153846