1 0.05048076923076923 0.4110576923076923 0.057692307692307696 0.09134615384615384
1 0.19230769230769232 0.4206730769230769 0.055288461538461536 0.06971153846153846
1 0.84375 0.43990384615384615 0.057692307692307696 0.07211538461538461
1 0.5697115384615384 0.42788461538461536 0.055288461538461536 0.0673076923076923
1 0.4206730769230769 0.4230769230769231 0.04807692307692308 0.07211538461538461
1 0.5144230769230769 0.43028846153846156 0.038461538461538464 0.057692307692307696
1 0.7548076923076923 0.4567307692307692 0.04807692307692308 0.06009615384615385
1 0.3581730769230769 0.4326923076923077 0.03365384615384615 0.057692307692307696
1 0.10817307692307693 0.44711538461538464 0.03125 0.052884615384615384
1 0.15384615384615385 0.44711538461538464 0.04326923076923077 0.055288461538461536
1 0.2548076923076923 0.4495192307692308 0.04567307692307692 0.055288461538461536
1 0.3269230769230769 0.4495192307692308 0.04326923076923077 0.0625
1 0.6442307692307693 0.4375 0.040865384615384616 0.0625
1 0.9399038461538461 0.46875 0.03125 0.036057692307692304
1 0.9831730769230769 0.4807692307692308 0.02403846153846154 0.038461538461538464