1 0.3317307692307692 0.43509615384615385 0.07451923076923077 0.09375
1 0.6850961538461539 0.4567307692307692 0.06490384615384616 0.08173076923076923
1 0.10817307692307693 0.4543269230769231 0.06009615384615385 0.07932692307692307
1 0.04567307692307692 0.46634615384615385 0.057692307692307696 0.06490384615384616
1 0.5048076923076923 0.44471153846153844 0.052884615384615384 0.0625
1 0.6346153846153846 0.4879807692307692 0.040865384615384616 0.052884615384615384
1 0.8629807692307693 0.4807692307692308 0.036057692307692304 0.05048076923076923
1 0.9399038461538461 0.49278846153846156 0.04807692307692308 0.04567307692307692
1 0.9014423076923077 0.4831730769230769 0.036057692307692304 0.057692307692307696
1 0.40865384615384615 0.4879807692307692 0.03125 0.040865384615384616
1 0.59375 0.47836538461538464 0.026442307692307692 0.03365384615384615
1 0.15625 0.47115384615384615 0.021634615384615384 0.03365384615384615
1 0.28365384615384615 0.47115384615384615 0.019230769230769232 0.02403846153846154