1 0.08413461538461539 0.34134615384615385 0.07451923076923077 0.08653846153846154
1 0.41586538461538464 0.3269230769230769 0.11057692307692307 0.12980769230769232
1 0.25961538461538464 0.3245192307692308 0.04807692307692308 0.06009615384615385
1 0.5649038461538461 0.33653846153846156 0.04567307692307692 0.06490384615384616
1 0.13221153846153846 0.4326923076923077 0.052884615384615384 0.0673076923076923
1 0.30288461538461536 0.32211538461538464 0.03365384615384615 0.04807692307692308
1 0.08413461538461539 0.018028846153846152 0.07692307692307693 0.036057692307692304
1 0.4170673076923077 0.036057692307692304 0.11298076923076923 0.07211538461538461
1 0.2608173076923077 0.019230769230769232 0.05048076923076923 0.038461538461538464
1 0.5649038461538461 0.014423076923076924 0.04807692307692308 0.028846153846153848
1 0.30408653846153844 0.018028846153846152 0.036057692307692304 0.036057692307692304