1 0.30528846153846156 0.29086538461538464 0.052884615384615384 0.06009615384615385
1 0.4375 0.2692307692307692 0.0625 0.057692307692307696
1 0.7620192307692307 0.21875 0.040865384615384616 0.04567307692307692
1 0.8798076923076923 0.2860576923076923 0.040865384615384616 0.04567307692307692
1 0.7596153846153846 0.43990384615384615 0.10336538461538461 0.125
2 0.7211538461538461 0.5552884615384616 0.3076923076923077 0.3485576923076923
2 0.28125 0.3389423076923077 0.2091346153846154 0.17548076923076922
2 0.4519230769230769 0.33413461538461536 0.12980769230769232 0.1778846153846154
2 0.7548076923076923 0.29086538461538464 0.09615384615384616 0.1778846153846154
2 0.8677884615384616 0.3293269230769231 0.09375 0.12980769230769232
1 0.30528846153846156 0.040865384615384616 0.052884615384615384 0.06009615384615385
1 0.4375 0.0625 0.0625 0.057692307692307696
1 0.7620192307692307 0.11298076923076923 0.040865384615384616 0.04567307692307692
1 0.8798076923076923 0.04567307692307692 0.040865384615384616 0.04567307692307692
2 0.28125 0.040865384615384616 0.21153846153846154 0.08173076923076923
2 0.453125 0.04447115384615385 0.13221153846153846 0.0889423076923077
2 0.7560096153846154 0.06610576923076923 0.0985576923076923 0.13221153846153846
2 0.8677884615384616 0.03485576923076923 0.09615384615384616 0.06971153846153846