1 0.36778846153846156 0.47836538461538464 0.0889423076923077 0.10817307692307693
1 0.21394230769230768 0.40865384615384615 0.14182692307692307 0.18028846153846154
0 0.7235576923076923 0.46875 0.07211538461538461 0.09615384615384616
0 0.8245192307692307 0.4735576923076923 0.09375 0.1201923076923077
0 0.5408653846153846 0.46634615384615385 0.09375 0.11298076923076923
0 0.7596153846153846 0.46634615384615385 0.052884615384615384 0.08653846153846154
0 0.6298076923076923 0.4879807692307692 0.04567307692307692 0.057692307692307696
0 0.9831730769230769 0.49759615384615385 0.02403846153846154 0.06009615384615385
1 0.27403846153846156 0.47115384615384615 0.06971153846153846 0.0985576923076923
0 0.4807692307692308 0.49278846153846156 0.04567307692307692 0.052884615384615384
0 0.6634615384615384 0.5192307692307693 0.04807692307692308 0.06490384615384616
0 0.9447115384615384 0.47836538461538464 0.052884615384615384 0.05048076923076923
0 0.6754807692307693 0.47596153846153844 0.03365384615384615 0.036057692307692304