1 0.1971153846153846 0.40865384615384615 0.055288461538461536 0.06490384615384616
1 0.3557692307692308 0.41346153846153844 0.05048076923076923 0.055288461538461536
1 0.5961538461538461 0.40625 0.04567307692307692 0.057692307692307696
1 0.46634615384615385 0.4206730769230769 0.040865384615384616 0.05048076923076923
1 0.24519230769230768 0.41586538461538464 0.040865384615384616 0.05048076923076923
1 0.5600961538461539 0.41586538461538464 0.03365384615384615 0.05048076923076923
1 0.6418269230769231 0.4230769230769231 0.04326923076923077 0.04807692307692308
1 0.4110576923076923 0.43028846153846156 0.028846153846153848 0.040865384615384616
1 0.37740384615384615 0.4206730769230769 0.026442307692307692 0.040865384615384616
0 0.2956730769230769 0.43028846153846156 0.03125 0.040865384615384616
0 0.02403846153846154 0.44471153846153844 0.04567307692307692 0.14182692307692307
1 0.1971153846153846 0.03125 0.057692307692307696 0.0625
1 0.3557692307692308 0.026442307692307692 0.052884615384615384 0.052884615384615384
1 0.5961538461538461 0.03125 0.04567307692307692 0.057692307692307696
1 0.46634615384615385 0.021634615384615384 0.04326923076923077 0.04326923076923077
1 0.24519230769230768 0.02403846153846154 0.04326923076923077 0.04807692307692308
1 0.5612980769230769 0.02403846153846154 0.036057692307692304 0.04807692307692308
1 0.6430288461538461 0.020432692307692308 0.04567307692307692 0.040865384615384616
1 0.41225961538461536 0.014423076923076924 0.03125 0.028846153846153848
1 0.37740384615384615 0.019230769230769232 0.028846153846153848 0.038461538461538464
0 0.2956730769230769 0.014423076923076924 0.03365384615384615 0.028846153846153848
0 0.02403846153846154 0.03245192307692308 0.04807692307692308 0.06490384615384616