0 0.4495192307692308 0.4855769230769231 0.04807692307692308 0.06971153846153846
0 0.5264423076923077 0.4855769230769231 0.04807692307692308 0.0673076923076923
0 0.07211538461538461 0.47115384615384615 0.04807692307692308 0.055288461538461536
0 0.3485576923076923 0.4855769230769231 0.05048076923076923 0.0625
0 0.1658653846153846 0.47836538461538464 0.04807692307692308 0.055288461538461536
0 0.6009615384615384 0.4807692307692308 0.040865384615384616 0.06009615384615385
0 0.6610576923076923 0.4735576923076923 0.04326923076923077 0.055288461538461536
0 0.8317307692307693 0.47115384615384615 0.04326923076923077 0.04326923076923077
0 0.25721153846153844 0.4807692307692308 0.04807692307692308 0.0625
0 0.7427884615384616 0.4807692307692308 0.05048076923076923 0.055288461538461536
0 0.9206730769230769 0.49759615384615385 0.040865384615384616 0.04807692307692308