1 0.59375 0.3317307692307692 0.0625 0.08173076923076923
1 0.7740384615384616 0.30288461538461536 0.07932692307692307 0.07692307692307693
1 0.7283653846153846 0.3389423076923077 0.0625 0.10336538461538461
1 0.4495192307692308 0.37259615384615385 0.05048076923076923 0.06490384615384616
1 0.3629807692307692 0.3894230769230769 0.052884615384615384 0.055288461538461536
1 0.33413461538461536 0.41586538461538464 0.036057692307692304 0.038461538461538464
1 0.31009615384615385 0.3918269230769231 0.03125 0.026442307692307692
1 0.13221153846153846 0.4014423076923077 0.036057692307692304 0.03365384615384615
1 0.019230769230769232 0.19951923076923078 0.03365384615384615 0.0673076923076923
1 0.22115384615384615 0.41346153846153844 0.028846153846153848 0.038461538461538464
1 0.24519230769230768 0.4182692307692308 0.02403846153846154 0.03365384615384615
1 0.5949519230769231 0.021634615384615384 0.06490384615384616 0.04326923076923077
1 0.7740384615384616 0.03485576923076923 0.08173076923076923 0.06971153846153846
1 0.7295673076923077 0.02283653846153846 0.06490384615384616 0.04567307692307692
1 0.019230769230769232 0.13221153846153846 0.03365384615384615 0.0673076923076923