1 0.0625 0.6490384615384616 0.11778846153846154 0.1346153846153846
1 0.20673076923076922 0.5528846153846154 0.11298076923076923 0.11057692307692307
1 0.34615384615384615 0.3918269230769231 0.07692307692307693 0.07692307692307693
1 0.4831730769230769 0.5408653846153846 0.10817307692307693 0.11057692307692307
1 0.6370192307692307 0.33653846153846156 0.08653846153846154 0.09375
1 0.7692307692307693 0.49278846153846156 0.125 0.10576923076923077
1 0.7355769230769231 0.4182692307692308 0.09375 0.08653846153846154
1 0.9711538461538461 0.34615384615384615 0.05048076923076923 0.11298076923076923
1 0.9495192307692307 0.4879807692307692 0.09134615384615384 0.11057692307692307
1 0.78125 0.7596153846153846 0.15865384615384615 0.15625
1 0.7824519230769231 0.9543269230769231 0.16105769230769232 0.08653846153846154