1 0.13701923076923078 0.5216346153846154 0.036057692307692304 0.038461538461538464
1 0.5 0.7211538461538461 0.040865384615384616 0.04567307692307692
1 0.35096153846153844 0.6995192307692307 0.036057692307692304 0.04326923076923077
1 0.30528846153846156 0.7235576923076923 0.036057692307692304 0.04567307692307692
1 0.35096153846153844 0.46875 0.04326923076923077 0.040865384615384616
1 0.23076923076923078 0.4567307692307692 0.040865384615384616 0.040865384615384616
1 0.5 0.5576923076923077 0.03365384615384615 0.036057692307692304
1 0.5721153846153846 0.5504807692307693 0.03365384615384615 0.040865384615384616
1 0.5 0.9423076923076923 0.040865384615384616 0.04567307692307692
1 0.35096153846153844 0.9639423076923077 0.036057692307692304 0.04326923076923077
1 0.30528846153846156 0.9399038461538461 0.036057692307692304 0.04567307692307692