0 0.4182692307692308 0.38461538461538464 0.06009615384615385 0.08173076923076923
0 0.08173076923076923 0.32211538461538464 0.16105769230769232 0.20673076923076922
0 0.21634615384615385 0.3245192307692308 0.10817307692307693 0.10817307692307693
0 0.5072115384615384 0.3798076923076923 0.06490384615384616 0.07932692307692307
0 0.6105769230769231 0.3605769230769231 0.06971153846153846 0.09375
0 0.7331730769230769 0.3485576923076923 0.08413461538461539 0.10817307692307693
0 0.8533653846153846 0.3605769230769231 0.11538461538461539 0.12980769230769232
0 0.8004807692307693 0.34375 0.04807692307692308 0.09134615384615384
0 0.4182692307692308 0.052884615384615384 0.06009615384615385 0.08173076923076923
0 0.08173076923076923 0.11538461538461539 0.16105769230769232 0.20673076923076922
0 0.21634615384615385 0.11298076923076923 0.10817307692307693 0.10817307692307693
0 0.5072115384615384 0.057692307692307696 0.06490384615384616 0.07932692307692307
0 0.6105769230769231 0.07692307692307693 0.06971153846153846 0.09375
0 0.7331730769230769 0.0889423076923077 0.08413461538461539 0.10817307692307693
0 0.8533653846153846 0.07692307692307693 0.11538461538461539 0.12980769230769232
0 0.8004807692307693 0.09375 0.04807692307692308 0.09134615384615384