0 0.026442307692307692 0.3389423076923077 0.05048076923076923 0.11298076923076923
0 0.17067307692307693 0.3918269230769231 0.06490384615384616 0.08173076923076923
0 0.24278846153846154 0.37259615384615385 0.06009615384615385 0.06490384615384616
0 0.3942307692307692 0.34134615384615385 0.0625 0.08173076923076923
0 0.43509615384615385 0.36778846153846156 0.04326923076923077 0.0673076923076923
0 0.5 0.36778846153846156 0.057692307692307696 0.0673076923076923
0 0.5841346153846154 0.38221153846153844 0.04567307692307692 0.055288461538461536
0 0.6850961538461539 0.37259615384615385 0.040865384615384616 0.052884615384615384
0 0.75 0.33653846153846156 0.06971153846153846 0.08173076923076923
0 0.90625 0.39663461538461536 0.04567307692307692 0.057692307692307696
0 0.026442307692307692 0.025240384615384616 0.052884615384615384 0.05048076923076923
0 0.3954326923076923 0.016826923076923076 0.06490384615384616 0.03365384615384615
0 0.75 0.019230769230769232 0.07211538461538461 0.038461538461538464