1 0.2548076923076923 0.5793269230769231 0.06971153846153846 0.057692307692307696
1 0.5288461538461539 0.6778846153846154 0.016826923076923076 0.03125
1 0.8389423076923077 0.7211538461538461 0.021634615384615384 0.03125
1 0.6514423076923077 0.7019230769230769 0.016826923076923076 0.02403846153846154
1 0.5673076923076923 0.6995192307692307 0.019230769230769232 0.02403846153846154
1 0.6225961538461539 0.6971153846153846 0.016826923076923076 0.02403846153846154
1 0.5288461538461539 0.9819711538461539 0.019230769230769232 0.026442307692307692
1 0.8389423076923077 0.9423076923076923 0.021634615384615384 0.03125
1 0.6514423076923077 0.9615384615384616 0.016826923076923076 0.02403846153846154
1 0.5673076923076923 0.9639423076923077 0.019230769230769232 0.02403846153846154
1 0.6225961538461539 0.9663461538461539 0.016826923076923076 0.02403846153846154