1 0.8942307692307693 0.4567307692307692 0.055288461538461536 0.052884615384615384
1 0.7283653846153846 0.45913461538461536 0.04807692307692308 0.055288461538461536
1 0.31490384615384615 0.4567307692307692 0.028846153846153848 0.03125
1 0.3918269230769231 0.4567307692307692 0.026442307692307692 0.038461538461538464
1 0.41346153846153844 0.46153846153846156 0.019230769230769232 0.036057692307692304
1 0.4735576923076923 0.44471153846153844 0.028846153846153848 0.036057692307692304
0 0.44471153846153844 0.45913461538461536 0.021634615384615384 0.036057692307692304
1 0.5216346153846154 0.4519230769230769 0.03125 0.05048076923076923
1 0.5552884615384616 0.4495192307692308 0.03125 0.04807692307692308
1 0.6923076923076923 0.45913461538461536 0.028846153846153848 0.04326923076923077
1 0.6442307692307693 0.4495192307692308 0.03365384615384615 0.055288461538461536