1 0.49278846153846156 0.33413461538461536 0.06490384615384616 0.09615384615384616
1 0.6706730769230769 0.3293269230769231 0.08173076923076923 0.09615384615384616
1 0.5408653846153846 0.3125 0.055288461538461536 0.10096153846153846
1 0.11778846153846154 0.3629807692307692 0.22115384615384615 0.28125
0 0.4014423076923077 0.34375 0.08173076923076923 0.09615384615384616
0 0.3004807692307692 0.35336538461538464 0.08173076923076923 0.12740384615384615
1 0.3389423076923077 0.2980769230769231 0.057692307692307696 0.09134615384615384
1 0.4326923076923077 0.3004807692307692 0.05048076923076923 0.07451923076923077
1 0.49278846153846156 0.10336538461538461 0.06490384615384616 0.09615384615384616
1 0.6706730769230769 0.10817307692307693 0.08173076923076923 0.09615384615384616
1 0.5408653846153846 0.125 0.055288461538461536 0.10096153846153846
1 0.11899038461538461 0.10817307692307693 0.22355769230769232 0.21634615384615385
0 0.4014423076923077 0.09375 0.08173076923076923 0.09615384615384616
0 0.3004807692307692 0.08413461538461539 0.08173076923076923 0.12740384615384615
1 0.3389423076923077 0.13942307692307693 0.057692307692307696 0.09134615384615384
1 0.4326923076923077 0.13701923076923078 0.05048076923076923 0.07451923076923077