1 0.7403846153846154 0.3701923076923077 0.052884615384615384 0.06971153846153846
0 0.2692307692307692 0.31009615384615385 0.08173076923076923 0.09375
0 0.08173076923076923 0.32211538461538464 0.14182692307692307 0.14182692307692307
0 0.42788461538461536 0.34134615384615385 0.06971153846153846 0.08173076923076923
0 0.3293269230769231 0.3581730769230769 0.05048076923076923 0.07211538461538461
0 0.6298076923076923 0.3557692307692308 0.055288461538461536 0.0673076923076923
0 0.5480769230769231 0.3557692307692308 0.04567307692307692 0.057692307692307696
0 0.5048076923076923 0.3701923076923077 0.052884615384615384 0.06971153846153846
0 0.2704326923076923 0.03485576923076923 0.08413461538461539 0.06971153846153846
0 0.08173076923076923 0.040865384615384616 0.14423076923076922 0.08173076923076923
0 0.42788461538461536 0.016826923076923076 0.07211538461538461 0.03365384615384615