1 0.8629807692307693 0.4110576923076923 0.07932692307692307 0.0985576923076923
1 0.7331730769230769 0.4326923076923077 0.052884615384615384 0.06971153846153846
1 0.6322115384615384 0.43028846153846156 0.04807692307692308 0.0673076923076923
1 0.24759615384615385 0.5913461538461539 0.04326923076923077 0.04807692307692308
1 0.09134615384615384 0.5600961538461539 0.036057692307692304 0.05048076923076923
1 0.3870192307692308 0.47596153846153844 0.04326923076923077 0.055288461538461536
1 0.5168269230769231 0.5528846153846154 0.04326923076923077 0.04807692307692308
1 0.44471153846153844 0.49759615384615385 0.036057692307692304 0.052884615384615384
1 0.5432692307692307 0.4567307692307692 0.04567307692307692 0.055288461538461536
1 0.6802884615384616 0.44471153846153844 0.04326923076923077 0.057692307692307696
1 0.23557692307692307 0.5576923076923077 0.03365384615384615 0.04567307692307692