1 0.5168269230769231 0.40625 0.052884615384615384 0.052884615384615384
1 0.7115384615384616 0.47115384615384615 0.06009615384615385 0.0625
1 0.9110576923076923 0.4014423076923077 0.07211538461538461 0.0673076923076923
1 0.37259615384615385 0.4831730769230769 0.052884615384615384 0.06009615384615385
1 0.6682692307692307 0.40625 0.052884615384615384 0.057692307692307696
1 0.5504807692307693 0.4567307692307692 0.0673076923076923 0.0625
1 0.27163461538461536 0.4567307692307692 0.04326923076923077 0.05048076923076923
1 0.25961538461538464 0.37740384615384615 0.04326923076923077 0.04567307692307692
1 0.03125 0.44711538461538464 0.04326923076923077 0.03365384615384615
1 0.04807692307692308 0.41586538461538464 0.03365384615384615 0.03125
1 0.10336538461538461 0.43990384615384615 0.04326923076923077 0.04326923076923077
1 0.13221153846153846 0.39663461538461536 0.040865384615384616 0.03365384615384615
2 0.37740384615384615 0.5504807692307693 0.11298076923076923 0.18990384615384615
2 0.5360576923076923 0.5432692307692307 0.14182692307692307 0.21634615384615385
2 0.6875 0.5456730769230769 0.1346153846153846 0.22115384615384615
0 0.8341346153846154 0.4519230769230769 0.07932692307692307 0.07932692307692307
2 0.038461538461538464 0.5 0.07211538461538461 0.14182692307692307
2 0.12980769230769232 0.49759615384615385 0.09615384615384616 0.14182692307692307
2 0.28365384615384615 0.5288461538461539 0.10336538461538461 0.18269230769230768
1 0.20673076923076922 0.4495192307692308 0.03365384615384615 0.04326923076923077
2 0.21394230769230768 0.5192307692307693 0.08413461538461539 0.18028846153846154
2 0.27403846153846156 0.39663461538461536 0.09375 0.08413461538461539
1 0.19471153846153846 0.3942307692307692 0.040865384615384616 0.036057692307692304
2 0.19471153846153846 0.40625 0.06971153846153846 0.06490384615384616
2 0.13942307692307693 0.43028846153846156 0.05048076923076923 0.09375
2 0.0625 0.43990384615384615 0.055288461538461536 0.07211538461538461
2 0.8149038461538461 0.5336538461538461 0.12259615384615384 0.2403846153846154
2 0.5024038461538461 0.4182692307692308 0.10576923076923077 0.07692307692307693
1 0.5180288461538461 0.025240384615384616 0.055288461538461536 0.05048076923076923
1 0.9122596153846154 0.03125 0.07451923076923077 0.0625
1 0.6694711538461539 0.026442307692307692 0.055288461538461536 0.052884615384615384
1 0.25961538461538464 0.05048076923076923 0.04326923076923077 0.04567307692307692
1 0.04927884615384615 0.014423076923076924 0.036057692307692304 0.028846153846153848
1 0.1045673076923077 0.006009615384615385 0.04567307692307692 0.01201923076923077
1 0.13221153846153846 0.03125 0.040865384615384616 0.03365384615384615
2 0.37740384615384615 0.9579326923076923 0.11538461538461539 0.07932692307692307
2 0.5360576923076923 0.9555288461538461 0.14423076923076922 0.08413461538461539
2 0.6887019230769231 0.953125 0.13701923076923078 0.0889423076923077
0 0.8341346153846154 0.008413461538461538 0.08173076923076923 0.016826923076923076
2 0.28365384615384615 0.9711538461538461 0.10576923076923077 0.052884615384615384
2 0.21394230769230768 0.9759615384615384 0.08653846153846154 0.04326923076923077
2 0.27403846153846156 0.037259615384615384 0.09615384615384616 0.07451923076923077
1 0.19471153846153846 0.03365384615384615 0.040865384615384616 0.036057692307692304
2 0.19471153846153846 0.027644230769230768 0.07211538461538461 0.055288461538461536
2 0.13942307692307693 0.02283653846153846 0.052884615384615384 0.04567307692307692
2 0.0625 0.013221153846153846 0.057692307692307696 0.026442307692307692
2 0.8149038461538461 0.9543269230769231 0.125 0.08653846153846154
2 0.5036057692307693 0.025240384615384616 0.10817307692307693 0.05048076923076923