0 0.15144230769230768 0.40625 0.04326923076923077 0.052884615384615384
0 0.4014423076923077 0.40625 0.04326923076923077 0.04807692307692308
0 0.5288461538461539 0.4110576923076923 0.040865384615384616 0.04567307692307692
0 0.6177884615384616 0.4182692307692308 0.05048076923076923 0.04807692307692308
0 0.7163461538461539 0.40384615384615385 0.04567307692307692 0.052884615384615384
0 0.8389423076923077 0.4230769230769231 0.040865384615384616 0.04567307692307692
0 0.15144230769230768 0.03125 0.04326923076923077 0.052884615384615384
0 0.4014423076923077 0.03125 0.04326923076923077 0.04807692307692308
0 0.5288461538461539 0.026442307692307692 0.040865384615384616 0.04567307692307692
0 0.6177884615384616 0.02283653846153846 0.052884615384615384 0.04567307692307692
0 0.7163461538461539 0.03365384615384615 0.04567307692307692 0.052884615384615384
0 0.8389423076923077 0.019230769230769232 0.04326923076923077 0.038461538461538464