1 0.9375 0.36778846153846156 0.057692307692307696 0.06490384615384616
1 0.14903846153846154 0.4110576923076923 0.04326923076923077 0.057692307692307696
1 0.2403846153846154 0.39663461538461536 0.04807692307692308 0.057692307692307696
1 0.37259615384615385 0.40865384615384615 0.04567307692307692 0.057692307692307696
1 0.5625 0.4014423076923077 0.04567307692307692 0.05048076923076923
1 0.4254807692307692 0.38221153846153844 0.03365384615384615 0.04326923076923077
1 0.11298076923076923 0.40384615384615385 0.026442307692307692 0.03365384615384615
1 0.4807692307692308 0.4375 0.036057692307692304 0.05048076923076923
1 0.5216346153846154 0.3894230769230769 0.03365384615384615 0.04807692307692308
1 0.6778846153846154 0.3798076923076923 0.03125 0.040865384615384616
1 0.7259615384615384 0.37740384615384615 0.038461538461538464 0.04807692307692308
1 0.8052884615384616 0.375 0.038461538461538464 0.04567307692307692
1 0.6033653846153846 0.4735576923076923 0.038461538461538464 0.04567307692307692
1 0.8701923076923077 0.38461538461538464 0.04326923076923077 0.057692307692307696
1 0.5889423076923077 0.37740384615384615 0.03125 0.04567307692307692