1 0.8076923076923077 0.33653846153846156 0.1466346153846154 0.1971153846153846
1 0.5096153846153846 0.4206730769230769 0.17548076923076922 0.20432692307692307
1 0.1875 0.5504807692307693 0.17548076923076922 0.1971153846153846
1 0.1875 0.3317307692307692 0.12980769230769232 0.21394230769230768
1 0.39903846153846156 0.40865384615384615 0.15144230769230768 0.19471153846153846
1 0.0889423076923077 0.34134615384615385 0.13701923076923078 0.24278846153846154
1 0.3293269230769231 0.2956730769230769 0.12980769230769232 0.11778846153846154
1 0.8076923076923077 0.04807692307692308 0.14903846153846154 0.09615384615384616
1 0.18870192307692307 0.054086538461538464 0.13221153846153846 0.10817307692307693
1 0.0889423076923077 0.056490384615384616 0.13942307692307693 0.11298076923076923
1 0.33052884615384615 0.04807692307692308 0.13221153846153846 0.09615384615384616