1 0.7427884615384616 0.5144230769230769 0.06490384615384616 0.07451923076923077
0 0.31009615384615385 0.5192307692307693 0.05048076923076923 0.06009615384615385
0 0.8653846153846154 0.5216346153846154 0.04567307692307692 0.0625
0 0.41586538461538464 0.5288461538461539 0.04567307692307692 0.055288461538461536
0 0.2403846153846154 0.5216346153846154 0.05048076923076923 0.057692307692307696
0 0.6370192307692307 0.5240384615384616 0.05048076923076923 0.06009615384615385
0 0.9134615384615384 0.5288461538461539 0.04326923076923077 0.06490384615384616
0 0.5024038461538461 0.5336538461538461 0.05048076923076923 0.055288461538461536
1 0.026442307692307692 0.5192307692307693 0.03365384615384615 0.040865384615384616
1 0.17067307692307693 0.5432692307692307 0.040865384615384616 0.04326923076923077
0 0.6875 0.5600961538461539 0.03125 0.038461538461538464
1 0.7427884615384616 0.014423076923076924 0.0673076923076923 0.028846153846153848
1 0.7427884615384616 0.9663461538461539 0.0673076923076923 0.0625
0 0.31009615384615385 0.008413461538461538 0.052884615384615384 0.016826923076923076
0 0.31009615384615385 0.96875 0.05048076923076923 0.06009615384615385
0 0.8653846153846154 0.008413461538461538 0.04807692307692308 0.016826923076923076
0 0.8653846153846154 0.9663461538461539 0.04567307692307692 0.0625
0 0.41586538461538464 0.9591346153846154 0.04567307692307692 0.055288461538461536
0 0.2403846153846154 0.007211538461538462 0.052884615384615384 0.014423076923076924
0 0.2403846153846154 0.9663461538461539 0.05048076923076923 0.057692307692307696
0 0.6370192307692307 0.006009615384615385 0.052884615384615384 0.01201923076923077
0 0.6370192307692307 0.9639423076923077 0.05048076923076923 0.06009615384615385
0 0.9134615384615384 0.9591346153846154 0.04326923076923077 0.06490384615384616
0 0.5024038461538461 0.9543269230769231 0.05048076923076923 0.055288461538461536
1 0.026442307692307692 0.96875 0.03365384615384615 0.040865384615384616
1 0.17067307692307693 0.9447115384615384 0.040865384615384616 0.04326923076923077
0 0.6875 0.9278846153846154 0.03125 0.038461538461538464