1 0.9302884615384616 0.7163461538461539 0.10576923076923077 0.13221153846153846
1 0.7283653846153846 0.6875 0.10336538461538461 0.11057692307692307
1 0.6442307692307693 0.7043269230769231 0.09375 0.09615384615384616
1 0.03365384615384615 0.4014423076923077 0.0673076923076923 0.08173076923076923
1 0.10576923076923077 0.34134615384615385 0.08413461538461539 0.08413461538461539
1 0.20673076923076922 0.2932692307692308 0.06490384615384616 0.07211538461538461
1 0.20192307692307693 0.4110576923076923 0.07932692307692307 0.08173076923076923
1 0.19471153846153846 0.5096153846153846 0.08653846153846154 0.09615384615384616
1 0.32211538461538464 0.6322115384615384 0.08173076923076923 0.10096153846153846
1 0.4495192307692308 0.6298076923076923 0.08653846153846154 0.09615384615384616
1 0.5600961538461539 0.5913461538461539 0.09375 0.11057692307692307
1 0.3004807692307692 0.5552884615384616 0.07932692307692307 0.07451923076923077
1 0.36538461538461536 0.5961538461538461 0.08653846153846154 0.0889423076923077
1 0.5841346153846154 0.5 0.07932692307692307 0.0889423076923077
1 0.46634615384615385 0.5264423076923077 0.07692307692307693 0.0889423076923077
1 0.4110576923076923 0.44471153846153844 0.08173076923076923 0.07932692307692307
1 0.30288461538461536 0.47836538461538464 0.08173076923076923 0.08653846153846154
1 0.5889423076923077 0.43028846153846156 0.08173076923076923 0.07211538461538461
1 0.29086538461538464 0.40384615384615385 0.07692307692307693 0.06971153846153846
1 0.28125 0.3581730769230769 0.08653846153846154 0.06971153846153846
1 0.3557692307692308 0.3245192307692308 0.0673076923076923 0.08653846153846154
1 0.3629807692307692 0.2668269230769231 0.06971153846153846 0.07211538461538461
1 0.49038461538461536 0.34375 0.06971153846153846 0.09375
1 0.6947115384615384 0.3173076923076923 0.06490384615384616 0.09134615384615384
1 0.5769230769230769 0.33413461538461536 0.06971153846153846 0.07692307692307693
1 0.5384615384615384 0.39663461538461536 0.0625 0.06971153846153846
1 0.6634615384615384 0.25961538461538464 0.06971153846153846 0.0889423076923077
1 0.4807692307692308 0.28846153846153844 0.06490384615384616 0.057692307692307696
1 0.5264423076923077 0.25721153846153844 0.06971153846153846 0.07932692307692307
1 0.9014423076923077 0.2980769230769231 0.057692307692307696 0.08413461538461539
1 0.9302884615384616 0.8822115384615384 0.10576923076923077 0.13221153846153846
1 0.7283653846153846 0.9110576923076923 0.10336538461538461 0.11057692307692307
1 0.6442307692307693 0.8942307692307693 0.09375 0.09615384615384616
1 0.03485576923076923 0.020432692307692308 0.06971153846153846 0.040865384615384616
1 0.10576923076923077 0.057692307692307696 0.08413461538461539 0.08413461538461539
1 0.20673076923076922 0.10576923076923077 0.06490384615384616 0.07211538461538461
1 0.20192307692307693 0.015625 0.08173076923076923 0.03125
1 0.3233173076923077 0.9555288461538461 0.08413461538461539 0.07932692307692307
1 0.45072115384615385 0.9579326923076923 0.0889423076923077 0.07451923076923077
1 0.5600961538461539 0.9735576923076923 0.09615384615384616 0.04326923076923077
1 0.36658653846153844 0.9759615384615384 0.0889423076923077 0.038461538461538464
1 0.2920673076923077 0.015625 0.07932692307692307 0.03125
1 0.28125 0.040865384615384616 0.08653846153846154 0.06971153846153846
1 0.3557692307692308 0.07451923076923077 0.0673076923076923 0.08653846153846154
1 0.3629807692307692 0.13221153846153846 0.06971153846153846 0.07211538461538461
1 0.49038461538461536 0.055288461538461536 0.06971153846153846 0.09375
1 0.6947115384615384 0.08173076923076923 0.06490384615384616 0.09134615384615384
1 0.5769230769230769 0.06490384615384616 0.06971153846153846 0.07692307692307693
1 0.5396634615384616 0.019230769230769232 0.06490384615384616 0.038461538461538464
1 0.6634615384615384 0.13942307692307693 0.06971153846153846 0.0889423076923077
1 0.4807692307692308 0.11057692307692307 0.06490384615384616 0.057692307692307696
1 0.5264423076923077 0.14182692307692307 0.06971153846153846 0.07932692307692307
1 0.9014423076923077 0.10096153846153846 0.057692307692307696 0.08413461538461539