1 0.27884615384615385 0.28846153846153844 0.06009615384615385 0.07692307692307693
1 0.7596153846153846 0.34615384615384615 0.11538461538461539 0.13221153846153846
1 0.44711538461538464 0.3629807692307692 0.11057692307692307 0.14903846153846154
1 0.10576923076923077 0.35336538461538464 0.10576923076923077 0.125
1 0.21394230769230768 0.38461538461538464 0.11298076923076923 0.12980769230769232
1 0.5216346153846154 0.21394230769230768 0.0625 0.04807692307692308
0 0.5576923076923077 0.3581730769230769 0.07932692307692307 0.09134615384615384
1 0.27884615384615385 0.09134615384615384 0.06009615384615385 0.07692307692307693
1 0.7608173076923077 0.05048076923076923 0.11778846153846154 0.10096153846153846
1 0.4483173076923077 0.046875 0.11298076923076923 0.09375
1 0.10697115384615384 0.04567307692307692 0.10817307692307693 0.09134615384615384
1 0.21394230769230768 0.03125 0.11538461538461539 0.0625
1 0.5216346153846154 0.1658653846153846 0.0625 0.04807692307692308
0 0.5576923076923077 0.03485576923076923 0.08173076923076923 0.06971153846153846