1 0.3557692307692308 0.125 0.06009615384615385 0.07451923076923077
1 0.5072115384615384 0.05048076923076923 0.07692307692307693 0.07692307692307693
1 0.3269230769230769 0.3389423076923077 0.057692307692307696 0.08653846153846154
1 0.6826923076923077 0.625 0.06971153846153846 0.07692307692307693
1 0.6610576923076923 0.11298076923076923 0.0985576923076923 0.07692307692307693
2 0.65625 0.7716346153846154 0.25240384615384615 0.3701923076923077
2 0.31490384615384615 0.4951923076923077 0.18028846153846154 0.39663461538461536
2 0.6490384615384616 0.32211538461538464 0.15144230769230768 0.5096153846153846
2 0.4951923076923077 0.22596153846153846 0.1658653846153846 0.4206730769230769
2 0.3485576923076923 0.20432692307692307 0.12259615384615384 0.22596153846153846
1 0.015625 0.125 0.03125 0.07692307692307693
1 0.028846153846153848 0.3389423076923077 0.057692307692307696 0.08653846153846154
1 0.9543269230769231 0.625 0.06971153846153846 0.07692307692307693
1 0.9615384615384616 0.1141826923076923 0.07211538461538461 0.07932692307692307
2 0.9254807692307693 0.7728365384615384 0.14423076923076922 0.37259615384615385
2 0.06610576923076923 0.4951923076923077 0.13221153846153846 0.39903846153846156
2 0.9543269230769231 0.3233173076923077 0.08653846153846154 0.5120192307692307
2 0.03485576923076923 0.20552884615384615 0.06971153846153846 0.2283653846153846