1 0.7427884615384616 0.4495192307692308 0.13221153846153846 0.13701923076923078
1 0.36778846153846156 0.5024038461538461 0.125 0.15865384615384615
1 0.2692307692307692 0.0985576923076923 0.04807692307692308 0.0673076923076923
1 0.42788461538461536 0.13221153846153846 0.0673076923076923 0.055288461538461536
1 0.4326923076923077 0.09134615384615384 0.052884615384615384 0.03125
2 0.25 0.20192307692307693 0.19230769230769232 0.27163461538461536
2 0.3389423076923077 0.6850961538461539 0.3798076923076923 0.5216346153846154
2 0.6995192307692307 0.6081730769230769 0.29086538461538464 0.4519230769230769
2 0.4519230769230769 0.21634615384615385 0.15144230769230768 0.20432692307692307
1 0.9591346153846154 0.4495192307692308 0.07692307692307693 0.13942307692307693
1 0.008413461538461538 0.09975961538461539 0.016826923076923076 0.06971153846153846
2 0.054086538461538464 0.20192307692307693 0.10817307692307693 0.27403846153846156
2 0.056490384615384616 0.6850961538461539 0.11298076923076923 0.5240384615384616
2 0.9411057692307693 0.609375 0.11298076923076923 0.4543269230769231