1 0.9014423076923077 0.24278846153846154 0.09375 0.11057692307692307
1 0.8245192307692307 0.5697115384615384 0.12980769230769232 0.14182692307692307
1 0.5432692307692307 0.2403846153846154 0.057692307692307696 0.06971153846153846
1 0.35336538461538464 0.25961538461538464 0.0673076923076923 0.07211538461538461
1 0.15865384615384615 0.375 0.06490384615384616 0.06009615384615385
1 0.7860576923076923 0.28125 0.04807692307692308 0.057692307692307696
1 0.8846153846153846 0.40625 0.06009615384615385 0.0889423076923077
1 0.6778846153846154 0.4230769230769231 0.057692307692307696 0.057692307692307696
1 0.6923076923076923 0.25721153846153844 0.04567307692307692 0.055288461538461536
1 0.3798076923076923 0.30288461538461536 0.038461538461538464 0.052884615384615384
1 0.3557692307692308 0.38221153846153844 0.09375 0.09615384615384616
1 0.9014423076923077 0.07451923076923077 0.09375 0.11057692307692307
1 0.5432692307692307 0.07692307692307693 0.057692307692307696 0.06971153846153846
1 0.35336538461538464 0.057692307692307696 0.0673076923076923 0.07211538461538461
1 0.7860576923076923 0.036057692307692304 0.04807692307692308 0.057692307692307696
1 0.6923076923076923 0.06009615384615385 0.04567307692307692 0.055288461538461536
1 0.38100961538461536 0.021634615384615384 0.040865384615384616 0.04326923076923077