0 0.40865384615384615 0.3581730769230769 0.07692307692307693 0.08653846153846154
0 0.59375 0.37259615384615385 0.07211538461538461 0.0985576923076923
0 0.9086538461538461 0.38221153846153844 0.08413461538461539 0.08413461538461539
0 0.8004807692307693 0.3485576923076923 0.09615384615384616 0.10096153846153846
0 0.2403846153846154 0.3269230769230769 0.10096153846153846 0.10336538461538461
0 0.7211538461538461 0.4423076923076923 0.0625 0.07692307692307693
0 0.5528846153846154 0.4110576923076923 0.04567307692307692 0.07932692307692307
0 0.038461538461538464 0.4519230769230769 0.055288461538461536 0.0625
0 0.5 0.43509615384615385 0.04567307692307692 0.055288461538461536
0 0.17067307692307693 0.4014423076923077 0.057692307692307696 0.07211538461538461
0 0.12740384615384615 0.43990384615384615 0.04326923076923077 0.057692307692307696
0 0.29086538461538464 0.4495192307692308 0.04807692307692308 0.07451923076923077
0 0.4098557692307692 0.009615384615384616 0.07932692307692307 0.019230769230769232
0 0.8016826923076923 0.018028846153846152 0.0985576923076923 0.036057692307692304
0 0.24158653846153846 0.028846153846153848 0.10336538461538461 0.057692307692307696