1 0.1346153846153846 0.3798076923076923 0.04567307692307692 0.0673076923076923
1 0.6971153846153846 0.37259615384615385 0.057692307692307696 0.08173076923076923
1 0.40384615384615385 0.3942307692307692 0.06009615384615385 0.07692307692307693
1 0.2403846153846154 0.3798076923076923 0.0625 0.0889423076923077
1 0.1971153846153846 0.40865384615384615 0.055288461538461536 0.07211538461538461
1 0.28125 0.39663461538461536 0.03365384615384615 0.06009615384615385
1 0.4375 0.375 0.021634615384615384 0.040865384615384616
1 0.47596153846153844 0.3629807692307692 0.0673076923076923 0.08173076923076923
0 0.5240384615384616 0.37259615384615385 0.04567307692307692 0.07692307692307693
1 0.5625 0.38221153846153844 0.03125 0.038461538461538464
1 0.7980769230769231 0.37259615384615385 0.040865384615384616 0.052884615384615384
1 0.8701923076923077 0.38221153846153844 0.038461538461538464 0.057692307692307696
1 0.9182692307692307 0.36538461538461536 0.06490384615384616 0.10336538461538461
1 0.96875 0.3701923076923077 0.05048076923076923 0.0673076923076923