0 0.78125 0.44471153846153844 0.06009615384615385 0.08653846153846154
0 0.6706730769230769 0.4543269230769231 0.07451923076923077 0.09134615384615384
0 0.9519230769230769 0.47596153846153844 0.08173076923076923 0.15625
0 0.5769230769230769 0.4326923076923077 0.04326923076923077 0.057692307692307696
0 0.8725961538461539 0.4519230769230769 0.055288461538461536 0.06009615384615385
0 0.5192307692307693 0.4543269230769231 0.03365384615384615 0.04326923076923077
1 0.2956730769230769 0.4495192307692308 0.04326923076923077 0.04567307692307692
1 0.3605769230769231 0.4423076923076923 0.028846153846153848 0.036057692307692304
1 0.38461538461538464 0.43028846153846156 0.03365384615384615 0.036057692307692304
0 0.4254807692307692 0.4495192307692308 0.038461538461538464 0.052884615384615384
0 0.4951923076923077 0.44711538461538464 0.028846153846153848 0.04807692307692308
0 0.1971153846153846 0.4375 0.036057692307692304 0.055288461538461536
0 0.17067307692307693 0.44471153846153844 0.026442307692307692 0.03365384615384615