0 0.9399038461538461 0.3557692307692308 0.07692307692307693 0.10096153846153846
0 0.5408653846153846 0.3918269230769231 0.0625 0.09375
0 0.7932692307692307 0.40865384615384615 0.07451923076923077 0.08653846153846154
0 0.2932692307692308 0.4110576923076923 0.0625 0.08173076923076923
0 0.59375 0.40865384615384615 0.055288461538461536 0.0625
0 0.8677884615384616 0.4206730769230769 0.057692307692307696 0.07932692307692307
0 0.7211538461538461 0.40865384615384615 0.0625 0.07451923076923077
0 0.4326923076923077 0.40865384615384615 0.0673076923076923 0.08653846153846154
0 0.1466346153846154 0.3942307692307692 0.04807692307692308 0.06490384615384616
0 0.40865384615384615 0.35096153846153844 0.06009615384615385 0.0625
0 0.20673076923076922 0.4014423076923077 0.04807692307692308 0.06009615384615385