1 0.02403846153846154 0.3076923076923077 0.04807692307692308 0.09375
1 0.6394230769230769 0.3125 0.06009615384615385 0.08653846153846154
0 0.2956730769230769 0.3245192307692308 0.15144230769230768 0.18269230769230768
0 0.7668269230769231 0.25240384615384615 0.14182692307692307 0.18509615384615385
0 0.07451923076923077 0.3004807692307692 0.06490384615384616 0.09375
0 0.14903846153846154 0.31971153846153844 0.09134615384615384 0.125
0 0.4807692307692308 0.2620192307692308 0.12740384615384615 0.1658653846153846
0 0.9158653846153846 0.30528846153846156 0.09134615384615384 0.11298076923076923
0 0.5913461538461539 0.34615384615384615 0.04567307692307692 0.0673076923076923
0 0.2956730769230769 0.019230769230769232 0.15384615384615385 0.038461538461538464
0 0.7668269230769231 0.055288461538461536 0.14423076923076922 0.11057692307692307
0 0.4807692307692308 0.04567307692307692 0.12980769230769232 0.09134615384615384