0 0.11778846153846154 0.40384615384615385 0.038461538461538464 0.052884615384615384
0 0.2548076923076923 0.38461538461538464 0.04567307692307692 0.057692307692307696
0 0.06971153846153846 0.41586538461538464 0.036057692307692304 0.038461538461538464
0 0.15865384615384615 0.38221153846153844 0.038461538461538464 0.055288461538461536
0 0.3245192307692308 0.375 0.028846153846153848 0.036057692307692304
0 0.35096153846153844 0.3918269230769231 0.04567307692307692 0.04807692307692308
0 0.4206730769230769 0.3894230769230769 0.04567307692307692 0.055288461538461536
0 0.53125 0.39663461538461536 0.038461538461538464 0.04807692307692308
0 0.5625 0.3798076923076923 0.03365384615384615 0.05048076923076923
0 0.5961538461538461 0.3942307692307692 0.04567307692307692 0.05048076923076923
0 0.7451923076923077 0.3918269230769231 0.03365384615384615 0.04567307692307692
0 0.7259615384615384 0.37259615384615385 0.026442307692307692 0.04807692307692308
0 0.8774038461538461 0.37740384615384615 0.036057692307692304 0.04567307692307692
0 0.9831730769230769 0.3701923076923077 0.02403846153846154 0.0625