1 0.7620192307692307 0.34134615384615385 0.10096153846153846 0.125
1 0.9038461538461539 0.375 0.0625 0.07932692307692307
1 0.4639423076923077 0.37259615384615385 0.04567307692307692 0.06971153846153846
1 0.6490384615384616 0.30528846153846156 0.11298076923076923 0.14182692307692307
1 0.19471153846153846 0.3389423076923077 0.07692307692307693 0.11538461538461539
1 0.5889423076923077 0.3557692307692308 0.057692307692307696 0.09134615384615384
1 0.40865384615384615 0.37259615384615385 0.040865384615384616 0.06971153846153846
1 0.38221153846153844 0.375 0.04567307692307692 0.0673076923076923
1 0.9759615384615384 0.38221153846153844 0.038461538461538464 0.055288461538461536
1 0.08653846153846154 0.3605769230769231 0.16826923076923078 0.3293269230769231
1 0.2980769230769231 0.375 0.03365384615384615 0.04567307692307692
1 0.33653846153846156 0.3870192307692308 0.03365384615384615 0.055288461538461536
1 0.5528846153846154 0.37259615384615385 0.03365384615384615 0.08413461538461539
1 0.5240384615384616 0.39663461538461536 0.04567307692307692 0.06490384615384616
1 0.7632211538461539 0.027644230769230768 0.10336538461538461 0.055288461538461536
1 0.6490384615384616 0.04927884615384615 0.11538461538461539 0.0985576923076923
1 0.19591346153846154 0.026442307692307692 0.07932692307692307 0.052884615384615384
1 0.5901442307692307 0.01201923076923077 0.06009615384615385 0.02403846153846154
1 0.08774038461538461 0.06850961538461539 0.17067307692307693 0.13701923076923078