1 0.4831730769230769 0.37259615384615385 0.052884615384615384 0.057692307692307696
0 0.8629807692307693 0.34134615384615385 0.05048076923076923 0.0625
0 0.3269230769230769 0.34615384615384615 0.05048076923076923 0.055288461538461536
0 0.23317307692307693 0.36778846153846156 0.038461538461538464 0.040865384615384616
0 0.2644230769230769 0.375 0.028846153846153848 0.040865384615384616
0 0.6778846153846154 0.3485576923076923 0.04567307692307692 0.052884615384615384
0 0.8100961538461539 0.3389423076923077 0.040865384615384616 0.04567307692307692
0 0.4567307692307692 0.3581730769230769 0.03365384615384615 0.057692307692307696
0 0.5456730769230769 0.375 0.03125 0.04326923076923077
0 0.7019230769230769 0.3557692307692308 0.03125 0.04326923076923077
0 0.9086538461538461 0.3485576923076923 0.038461538461538464 0.052884615384615384
0 0.8629807692307693 0.01201923076923077 0.052884615384615384 0.02403846153846154
0 0.3269230769230769 0.007211538461538462 0.052884615384615384 0.014423076923076924
0 0.6778846153846154 0.006009615384615385 0.04807692307692308 0.01201923076923077
0 0.8100961538461539 0.008413461538461538 0.04326923076923077 0.016826923076923076
0 0.9098557692307693 0.006009615384615385 0.040865384615384616 0.01201923076923077