0 0.7307692307692307 0.3389423076923077 0.05048076923076923 0.057692307692307696
0 0.6009615384615384 0.35336538461538464 0.057692307692307696 0.055288461538461536
0 0.33653846153846156 0.3629807692307692 0.057692307692307696 0.0673076923076923
0 0.47596153846153844 0.34134615384615385 0.055288461538461536 0.06971153846153846
0 0.5649038461538461 0.3389423076923077 0.05048076923076923 0.06490384615384616
0 0.1778846153846154 0.37740384615384615 0.040865384615384616 0.057692307692307696
0 0.5336538461538461 0.37259615384615385 0.040865384615384616 0.04807692307692308
0 0.6466346153846154 0.36538461538461536 0.03365384615384615 0.057692307692307696
0 0.7307692307692307 0.01201923076923077 0.052884615384615384 0.02403846153846154
0 0.47596153846153844 0.013221153846153846 0.057692307692307696 0.026442307692307692
0 0.5649038461538461 0.013221153846153846 0.052884615384615384 0.026442307692307692