1 0.6610576923076923 0.3125 0.036057692307692304 0.040865384615384616
1 0.8605769230769231 0.31009615384615385 0.038461538461538464 0.038461538461538464
1 0.7860576923076923 0.27884615384615385 0.03365384615384615 0.03365384615384615
1 0.7163461538461539 0.3125 0.040865384615384616 0.036057692307692304
1 0.7668269230769231 0.47596153846153844 0.04567307692307692 0.036057692307692304
1 0.8822115384615384 0.6225961538461539 0.038461538461538464 0.04567307692307692
1 0.8894230769230769 0.39903846153846156 0.03365384615384615 0.03125
1 0.6610576923076923 0.020432692307692308 0.038461538461538464 0.040865384615384616
1 0.8605769230769231 0.021634615384615384 0.038461538461538464 0.038461538461538464
1 0.7860576923076923 0.052884615384615384 0.03365384615384615 0.03365384615384615
1 0.7163461538461539 0.019230769230769232 0.040865384615384616 0.036057692307692304