1 0.5120192307692307 0.24278846153846154 0.08173076923076923 0.10336538461538461
1 0.1778846153846154 0.5721153846153846 0.1346153846153846 0.14182692307692307
1 0.6466346153846154 0.5985576923076923 0.12980769230769232 0.14423076923076922
1 0.8725961538461539 0.27163461538461536 0.08413461538461539 0.09375
1 0.8533653846153846 0.5168269230769231 0.11778846153846154 0.12259615384615384
1 0.9567307692307693 0.25 0.07211538461538461 0.09134615384615384
1 0.4519230769230769 0.2956730769230769 0.07932692307692307 0.10096153846153846
1 0.03365384615384615 0.3004807692307692 0.06490384615384616 0.14182692307692307
1 0.8197115384615384 0.3317307692307692 0.0985576923076923 0.12740384615384615
1 0.3317307692307692 0.23317307692307693 0.09134615384615384 0.11298076923076923
1 0.11057692307692307 0.40625 0.10817307692307693 0.13221153846153846
1 0.7091346153846154 0.28125 0.09134615384615384 0.08173076923076923
1 0.18269230769230768 0.29086538461538464 0.10336538461538461 0.13942307692307693
1 0.8269230769230769 0.22596153846153846 0.10096153846153846 0.09615384615384616
1 0.7379807692307693 0.6009615384615384 0.10336538461538461 0.11538461538461539
1 0.31971153846153844 0.3894230769230769 0.11778846153846154 0.13942307692307693
1 0.5 0.3557692307692308 0.09375 0.125
1 0.71875 0.3629807692307692 0.10576923076923077 0.14903846153846154
1 0.5576923076923077 0.4014423076923077 0.0985576923076923 0.09615384615384616
1 0.8149038461538461 0.4855769230769231 0.11778846153846154 0.13221153846153846
0 0.5408653846153846 0.7259615384615384 0.125 0.13942307692307693
0 0.16346153846153846 0.7355769230769231 0.11778846153846154 0.12740384615384615
0 0.9567307692307693 0.5432692307692307 0.07692307692307693 0.15384615384615385
0 0.04807692307692308 0.6442307692307693 0.08653846153846154 0.12740384615384615
2 0.3389423076923077 0.5769230769230769 0.20432692307692307 0.4831730769230769
2 0.08413461538461539 0.45913461538461536 0.12259615384615384 0.22596153846153846
2 0.1971153846153846 0.36538461538461536 0.12740384615384615 0.27403846153846156
2 0.34615384615384615 0.2620192307692308 0.15144230769230768 0.1658653846153846
2 0.5360576923076923 0.5048076923076923 0.1346153846153846 0.2932692307692308
2 0.9495192307692307 0.6466346153846154 0.09375 0.34134615384615385
2 0.6538461538461539 0.6802884615384616 0.16346153846153846 0.27163461538461536
2 0.8533653846153846 0.6394230769230769 0.12259615384615384 0.34615384615384615
2 0.4831730769230769 0.5552884615384616 0.11298076923076923 0.5072115384615384
2 0.9567307692307693 0.3485576923076923 0.07932692307692307 0.2860576923076923
1 0.5120192307692307 0.10817307692307693 0.08173076923076923 0.10336538461538461
1 0.8725961538461539 0.07932692307692307 0.08413461538461539 0.09375
1 0.9567307692307693 0.10096153846153846 0.07211538461538461 0.09134615384615384
1 0.4519230769230769 0.055288461538461536 0.07932692307692307 0.10096153846153846
1 0.03365384615384615 0.06129807692307692 0.0673076923076923 0.12259615384615384
1 0.8197115384615384 0.042067307692307696 0.10096153846153846 0.08413461538461539
1 0.3317307692307692 0.11778846153846154 0.09134615384615384 0.11298076923076923
1 0.7091346153846154 0.06971153846153846 0.09134615384615384 0.08173076923076923
1 0.18269230769230768 0.06610576923076923 0.10576923076923077 0.13221153846153846
1 0.8269230769230769 0.125 0.10096153846153846 0.09615384615384616
1 0.31971153846153844 0.016826923076923076 0.1201923076923077 0.03365384615384615
1 0.5 0.030048076923076924 0.09615384615384616 0.06009615384615385
1 0.7199519230769231 0.03245192307692308 0.10817307692307693 0.06490384615384616
0 0.5408653846153846 0.9158653846153846 0.125 0.13942307692307693
0 0.16346153846153846 0.90625 0.11778846153846154 0.12740384615384615
0 0.04927884615384615 0.9651442307692307 0.0889423076923077 0.06490384615384616
2 0.3389423076923077 0.9098557692307693 0.20673076923076922 0.17548076923076922
2 0.1971153846153846 0.0625 0.12980769230769232 0.125
2 0.34615384615384615 0.0889423076923077 0.15144230769230768 0.1658653846153846
2 0.9495192307692307 0.9110576923076923 0.09615384615384616 0.17307692307692307
2 0.6550480769230769 0.9110576923076923 0.1658653846153846 0.17307692307692307
2 0.8533653846153846 0.9134615384615384 0.125 0.16826923076923078
2 0.4831730769230769 0.9146634615384616 0.11538461538461539 0.1658653846153846
2 0.9567307692307693 0.0733173076923077 0.08173076923076923 0.1466346153846154