1 0.6514423076923077 0.5096153846153846 0.13942307692307693 0.12740384615384615
1 0.8966346153846154 0.35336538461538464 0.18990384615384615 0.21875
1 0.8918269230769231 0.34615384615384615 0.18990384615384615 0.21875
1 0.038461538461538464 0.25961538461538464 0.05048076923076923 0.06490384615384616
1 0.25961538461538464 0.28846153846153844 0.038461538461538464 0.05048076923076923
1 0.33413461538461536 0.45913461538461536 0.055288461538461536 0.055288461538461536
1 0.5 0.4495192307692308 0.04567307692307692 0.05048076923076923
1 0.41586538461538464 0.44711538461538464 0.04326923076923077 0.04807692307692308
1 0.15384615384615385 0.23317307692307693 0.052884615384615384 0.052884615384615384
1 0.5793269230769231 0.44471153846153844 0.040865384615384616 0.052884615384615384
1 0.8966346153846154 0.04447115384615385 0.19230769230769232 0.0889423076923077
1 0.8918269230769231 0.04807692307692308 0.19230769230769232 0.09615384615384616
1 0.038461538461538464 0.07211538461538461 0.05048076923076923 0.06490384615384616
1 0.25961538461538464 0.04326923076923077 0.038461538461538464 0.05048076923076923
1 0.15384615384615385 0.0985576923076923 0.052884615384615384 0.052884615384615384