1 0.20192307692307693 0.3701923076923077 0.0673076923076923 0.09134615384615384
1 0.4206730769230769 0.33653846153846156 0.07211538461538461 0.0889423076923077
1 0.8701923076923077 0.37259615384615385 0.11778846153846154 0.10576923076923077
1 0.7427884615384616 0.3798076923076923 0.06971153846153846 0.08653846153846154
1 0.10576923076923077 0.3701923076923077 0.11298076923076923 0.13221153846153846
1 0.96875 0.3557692307692308 0.055288461538461536 0.10576923076923077
1 0.5336538461538461 0.36778846153846156 0.052884615384615384 0.07932692307692307
1 0.8197115384615384 0.375 0.06971153846153846 0.08173076923076923
1 0.5841346153846154 0.38221153846153844 0.036057692307692304 0.057692307692307696
1 0.6586538461538461 0.3798076923076923 0.04807692307692308 0.0673076923076923
1 0.625 0.39663461538461536 0.03365384615384615 0.057692307692307696
1 0.421875 0.020432692307692308 0.07451923076923077 0.040865384615384616
1 0.10576923076923077 0.014423076923076924 0.11538461538461539 0.028846153846153848
1 0.96875 0.015625 0.057692307692307696 0.03125