1 0.17548076923076922 0.4567307692307692 0.04807692307692308 0.057692307692307696
1 0.31971153846153844 0.44711538461538464 0.028846153846153848 0.040865384615384616
1 0.49278846153846156 0.4519230769230769 0.04567307692307692 0.057692307692307696
0 0.7451923076923077 0.44711538461538464 0.040865384615384616 0.052884615384615384
0 0.6826923076923077 0.4519230769230769 0.040865384615384616 0.052884615384615384
0 0.5432692307692307 0.4543269230769231 0.03365384615384615 0.04567307692307692
0 0.25961538461538464 0.4519230769230769 0.036057692307692304 0.04326923076923077
0 0.2091346153846154 0.4735576923076923 0.028846153846153848 0.038461538461538464
0 0.35096153846153844 0.45913461538461536 0.026442307692307692 0.03125
1 0.4375 0.4567307692307692 0.038461538461538464 0.04567307692307692
1 0.5865384615384616 0.44711538461538464 0.03365384615384615 0.055288461538461536