0 0.3317307692307692 0.3125 0.06971153846153846 0.08653846153846154
0 0.49759615384615385 0.34134615384615385 0.0673076923076923 0.07932692307692307
0 0.10817307692307693 0.3269230769230769 0.08413461538461539 0.09375
0 0.7019230769230769 0.35336538461538464 0.06009615384615385 0.06971153846153846
0 0.6033653846153846 0.3629807692307692 0.05048076923076923 0.06009615384615385
0 0.8485576923076923 0.3798076923076923 0.06490384615384616 0.057692307692307696
0 0.4230769230769231 0.3629807692307692 0.04326923076923077 0.05048076923076923
0 0.3317307692307692 0.03245192307692308 0.07211538461538461 0.06490384615384616
0 0.4987980769230769 0.015625 0.06971153846153846 0.03125
0 0.10817307692307693 0.026442307692307692 0.08653846153846154 0.052884615384615384
0 0.7019230769230769 0.007211538461538462 0.0625 0.014423076923076924