1 0.9399038461538461 0.3701923076923077 0.11298076923076923 0.1346153846153846
1 0.7403846153846154 0.40384615384615385 0.10576923076923077 0.1201923076923077
1 0.3076923076923077 0.5673076923076923 0.0673076923076923 0.07692307692307693
0 0.19951923076923078 0.4014423076923077 0.07451923076923077 0.09375
0 0.38461538461538464 0.3942307692307692 0.08173076923076923 0.10096153846153846
0 0.5745192307692307 0.3870192307692308 0.07932692307692307 0.10336538461538461
0 0.5144230769230769 0.40625 0.0673076923076923 0.09375
0 0.03125 0.4110576923076923 0.057692307692307696 0.10817307692307693
0 0.16826923076923078 0.4423076923076923 0.04326923076923077 0.06971153846153846
1 0.8076923076923077 0.59375 0.06009615384615385 0.08173076923076923
0 0.8846153846153846 0.41346153846153844 0.06490384615384616 0.10576923076923077
1 0.9399038461538461 0.04927884615384615 0.11538461538461539 0.0985576923076923
1 0.7415865384615384 0.028846153846153848 0.10817307692307693 0.057692307692307696
0 0.19951923076923078 0.02283653846153846 0.07692307692307693 0.04567307692307692
0 0.3858173076923077 0.028846153846153848 0.08413461538461539 0.057692307692307696
0 0.5745192307692307 0.03245192307692308 0.08173076923076923 0.06490384615384616
0 0.515625 0.020432692307692308 0.06971153846153846 0.040865384615384616
0 0.03245192307692308 0.021634615384615384 0.06009615384615385 0.04326923076923077
1 0.8076923076923077 0.9795673076923077 0.0625 0.03125
0 0.8846153846153846 0.020432692307692308 0.0673076923076923 0.040865384615384616