1 0.3701923076923077 0.3389423076923077 0.03125 0.036057692307692304
1 0.43028846153846156 0.22355769230769232 0.03365384615384615 0.038461538461538464
1 0.6346153846153846 0.7067307692307693 0.038461538461538464 0.052884615384615384
1 0.7259615384615384 0.8028846153846154 0.04567307692307692 0.05048076923076923
1 0.7644230769230769 0.65625 0.04567307692307692 0.04567307692307692
0 0.31490384615384615 0.25 0.03125 0.04326923076923077
0 0.5456730769230769 0.7235576923076923 0.040865384615384616 0.04326923076923077
0 0.7259615384615384 0.7451923076923077 0.040865384615384616 0.04567307692307692
0 0.4807692307692308 0.2283653846153846 0.02403846153846154 0.03365384615384615
0 0.5961538461538461 0.20673076923076922 0.03365384615384615 0.03365384615384615
1 0.43028846153846156 0.026442307692307692 0.03365384615384615 0.038461538461538464
1 0.7259615384615384 0.9471153846153846 0.04567307692307692 0.05048076923076923
0 0.31490384615384615 0.01201923076923077 0.03365384615384615 0.02403846153846154
0 0.7259615384615384 0.9891826923076923 0.04326923076923077 0.016826923076923076
0 0.4807692307692308 0.021634615384615384 0.02403846153846154 0.03365384615384615
0 0.5961538461538461 0.04326923076923077 0.03365384615384615 0.03365384615384615