1 0.17067307692307693 0.41346153846153844 0.16346153846153846 0.16826923076923078
1 0.7860576923076923 0.41586538461538464 0.06490384615384616 0.057692307692307696
1 0.27403846153846156 0.4326923076923077 0.11538461538461539 0.125
1 0.4951923076923077 0.4206730769230769 0.08653846153846154 0.11778846153846154
1 0.8581730769230769 0.4230769230769231 0.04807692307692308 0.052884615384615384
1 0.9086538461538461 0.41346153846153844 0.04567307692307692 0.057692307692307696
1 0.7019230769230769 0.4375 0.03365384615384615 0.057692307692307696
1 0.6706730769230769 0.43509615384615385 0.019230769230769232 0.03365384615384615
1 0.171875 0.055288461538461536 0.1658653846153846 0.11057692307692307
1 0.7860576923076923 0.026442307692307692 0.0673076923076923 0.052884615384615384
1 0.27524038461538464 0.03485576923076923 0.11778846153846154 0.06971153846153846
1 0.4963942307692308 0.038461538461538464 0.0889423076923077 0.07692307692307693
1 0.859375 0.021634615384615384 0.05048076923076923 0.04326923076923077
1 0.9086538461538461 0.027644230769230768 0.04807692307692308 0.055288461538461536
1 0.703125 0.015625 0.036057692307692304 0.03125
1 0.671875 0.010817307692307692 0.021634615384615384 0.021634615384615384