1 0.5865384615384616 0.6105769230769231 0.052884615384615384 0.052884615384615384
1 0.2692307692307692 0.17067307692307693 0.04326923076923077 0.04807692307692308
1 0.4879807692307692 0.20192307692307693 0.04326923076923077 0.0625
1 0.35096153846153844 0.6105769230769231 0.04807692307692308 0.04567307692307692
1 0.5480769230769231 0.37740384615384615 0.04567307692307692 0.04567307692307692
0 0.25961538461538464 0.5817307692307693 0.040865384615384616 0.04567307692307692
0 0.11778846153846154 0.5552884615384616 0.03125 0.03125
0 0.7331730769230769 0.6923076923076923 0.0673076923076923 0.055288461538461536
0 0.9086538461538461 0.78125 0.0625 0.057692307692307696
0 0.9783653846153846 0.78125 0.036057692307692304 0.08413461538461539
0 0.31009615384615385 0.6129807692307693 0.03125 0.03365384615384615