1 0.9399038461538461 0.43028846153846156 0.11538461538461539 0.1201923076923077
1 0.8149038461538461 0.44471153846153844 0.08413461538461539 0.08413461538461539
1 0.4519230769230769 0.4567307692307692 0.0673076923076923 0.08173076923076923
1 0.6298076923076923 0.42788461538461536 0.06009615384615385 0.06971153846153846
1 0.3125 0.46153846153846156 0.04567307692307692 0.06490384615384616
1 0.3701923076923077 0.4639423076923077 0.040865384615384616 0.057692307692307696
1 0.5048076923076923 0.4639423076923077 0.040865384615384616 0.057692307692307696
1 0.5961538461538461 0.4567307692307692 0.03125 0.04567307692307692
1 0.24759615384615385 0.46875 0.04326923076923077 0.05048076923076923
1 0.17307692307692307 0.4543269230769231 0.036057692307692304 0.04807692307692308
1 0.6586538461538461 0.45913461538461536 0.036057692307692304 0.040865384615384616