0 0.40865384615384615 0.3125 0.06971153846153846 0.09615384615384616
0 0.8533653846153846 0.2956730769230769 0.07211538461538461 0.08653846153846154
0 0.7355769230769231 0.2668269230769231 0.0985576923076923 0.12259615384615384
0 0.5048076923076923 0.2932692307692308 0.10096153846153846 0.1201923076923077
0 0.2548076923076923 0.34615384615384615 0.10096153846153846 0.125
0 0.6298076923076923 0.3125 0.04567307692307692 0.057692307692307696
0 0.40865384615384615 0.03485576923076923 0.07211538461538461 0.06971153846153846
0 0.8545673076923077 0.040865384615384616 0.07451923076923077 0.08173076923076923
0 0.7355769230769231 0.06490384615384616 0.0985576923076923 0.12259615384615384
0 0.5060096153846154 0.05048076923076923 0.10336538461538461 0.10096153846153846
0 0.25600961538461536 0.025240384615384616 0.10336538461538461 0.05048076923076923
0 0.6298076923076923 0.025240384615384616 0.04807692307692308 0.05048076923076923