1 0.8677884615384616 0.36778846153846156 0.08413461538461539 0.10817307692307693
1 0.07451923076923077 0.3125 0.1201923076923077 0.14182692307692307
1 0.12980769230769232 0.41586538461538464 0.06971153846153846 0.08173076923076923
1 0.21153846153846154 0.43990384615384615 0.052884615384615384 0.0673076923076923
1 0.47596153846153844 0.4326923076923077 0.038461538461538464 0.04807692307692308
1 0.6610576923076923 0.4326923076923077 0.03125 0.04567307692307692
1 0.7932692307692307 0.44471153846153844 0.04326923076923077 0.06490384615384616
1 0.2932692307692308 0.43990384615384615 0.028846153846153848 0.04567307692307692
1 0.6105769230769231 0.44471153846153844 0.038461538461538464 0.04567307692307692
1 0.8461538461538461 0.4254807692307692 0.04567307692307692 0.07451923076923077
1 0.43028846153846156 0.47836538461538464 0.03365384615384615 0.03365384615384615
1 0.24519230769230768 0.4567307692307692 0.036057692307692304 0.04567307692307692
1 0.07572115384615384 0.04567307692307692 0.12259615384615384 0.09134615384615384