1 0.7764423076923077 0.35096153846153844 0.15144230769230768 0.16346153846153846
1 0.5216346153846154 0.4254807692307692 0.10096153846153846 0.1201923076923077
1 0.41586538461538464 0.5072115384615384 0.05048076923076923 0.06009615384615385
1 0.22115384615384615 0.3485576923076923 0.04807692307692308 0.052884615384615384
1 0.375 0.5048076923076923 0.036057692307692304 0.04567307692307692
0 0.9326923076923077 0.3605769230769231 0.12740384615384615 0.2091346153846154
0 0.5793269230769231 0.46634615384615385 0.052884615384615384 0.06009615384615385
1 0.7764423076923077 0.06850961538461539 0.15384615384615385 0.13701923076923078
1 0.5228365384615384 0.020432692307692308 0.10336538461538461 0.040865384615384616
1 0.22115384615384615 0.055288461538461536 0.04807692307692308 0.052884615384615384
0 0.9326923076923077 0.07451923076923077 0.12980769230769232 0.14903846153846154