1 0.6081730769230769 0.30288461538461536 0.040865384615384616 0.06490384615384616
1 0.6778846153846154 0.32211538461538464 0.036057692307692304 0.05048076923076923
1 0.7403846153846154 0.3245192307692308 0.04326923076923077 0.052884615384615384
1 0.4639423076923077 0.31971153846153844 0.040865384615384616 0.05048076923076923
1 0.3004807692307692 0.3269230769230769 0.040865384615384616 0.052884615384615384
1 0.40384615384615385 0.31971153846153844 0.040865384615384616 0.05048076923076923
1 0.6081730769230769 0.03125 0.04326923076923077 0.0625
1 0.6778846153846154 0.018028846153846152 0.038461538461538464 0.036057692307692304
1 0.7415865384615384 0.018028846153846152 0.04567307692307692 0.036057692307692304
1 0.4639423076923077 0.019230769230769232 0.04326923076923077 0.038461538461538464
1 0.3004807692307692 0.016826923076923076 0.04326923076923077 0.03365384615384615
1 0.40384615384615385 0.019230769230769232 0.04326923076923077 0.038461538461538464