0 0.23076923076923078 0.3004807692307692 0.06009615384615385 0.07692307692307693
0 0.30528846153846156 0.3076923076923077 0.052884615384615384 0.07211538461538461
0 0.14182692307692307 0.2980769230769231 0.057692307692307696 0.11057692307692307
0 0.5961538461538461 0.3125 0.052884615384615384 0.06009615384615385
0 0.08653846153846154 0.2932692307692308 0.05048076923076923 0.10576923076923077
0 0.3798076923076923 0.32211538461538464 0.02403846153846154 0.04567307692307692
0 0.040865384615384616 0.27884615384615385 0.07692307692307693 0.22596153846153846
0 0.35096153846153844 0.3317307692307692 0.028846153846153848 0.04807692307692308
0 0.4855769230769231 0.3269230769230769 0.04326923076923077 0.0625
0 0.4519230769230769 0.3173076923076923 0.03125 0.057692307692307696
0 0.5360576923076923 0.3125 0.026442307692307692 0.04567307692307692
0 0.6995192307692307 0.33653846153846156 0.026442307692307692 0.038461538461538464
0 0.6754807692307693 0.3269230769230769 0.02403846153846154 0.04567307692307692
0 0.23076923076923078 0.036057692307692304 0.0625 0.07211538461538461
0 0.30649038461538464 0.03125 0.055288461538461536 0.0625
0 0.14302884615384615 0.04567307692307692 0.06009615384615385 0.09134615384615384
0 0.5973557692307693 0.025240384615384616 0.055288461538461536 0.05048076923076923
0 0.08653846153846154 0.046875 0.052884615384615384 0.09375
0 0.38100961538461536 0.016826923076923076 0.026442307692307692 0.03365384615384615
0 0.042067307692307696 0.08413461538461539 0.07932692307692307 0.16826923076923078
0 0.35216346153846156 0.013221153846153846 0.03125 0.026442307692307692
0 0.48677884615384615 0.019230769230769232 0.04567307692307692 0.038461538461538464
0 0.4519230769230769 0.02283653846153846 0.03365384615384615 0.04567307692307692
0 0.5360576923076923 0.021634615384615384 0.028846153846153848 0.04326923076923077
0 0.6995192307692307 0.008413461538461538 0.028846153846153848 0.016826923076923076
0 0.6766826923076923 0.014423076923076924 0.026442307692307692 0.028846153846153848