1 0.34615384615384615 0.3004807692307692 0.19230769230769232 0.2091346153846154
1 0.5240384615384616 0.43990384615384615 0.08653846153846154 0.0889423076923077
1 0.40384615384615385 0.4230769230769231 0.0985576923076923 0.1201923076923077
1 0.5697115384615384 0.5072115384615384 0.05048076923076923 0.05048076923076923
1 0.34134615384615385 0.4375 0.04326923076923077 0.036057692307692304
2 0.21875 0.5240384615384616 0.39903846153846156 0.6009615384615384
2 0.37259615384615385 0.5961538461538461 0.19951923076923078 0.4567307692307692
2 0.5552884615384616 0.5600961538461539 0.12980769230769232 0.14903846153846154
2 0.47836538461538464 0.5769230769230769 0.17307692307692307 0.3629807692307692
1 0.3473557692307692 0.0733173076923077 0.19471153846153846 0.1466346153846154
2 0.21995192307692307 0.06009615384615385 0.4014423076923077 0.1201923076923077
2 0.21995192307692307 0.9134615384615384 0.4014423076923077 0.16346153846153846
2 0.37259615384615385 0.9134615384615384 0.20192307692307693 0.16346153846153846
2 0.4795673076923077 0.9459134615384616 0.17548076923076922 0.0985576923076923