0 0.5048076923076923 0.36538461538461536 0.0889423076923077 0.10576923076923077
0 0.8076923076923077 0.3629807692307692 0.09134615384615384 0.10336538461538461
0 0.06490384615384616 0.3389423076923077 0.0985576923076923 0.12980769230769232
0 0.34375 0.3629807692307692 0.07211538461538461 0.0985576923076923
0 0.14903846153846154 0.34375 0.10576923076923077 0.11057692307692307
0 0.6826923076923077 0.3317307692307692 0.09375 0.12980769230769232
0 0.5048076923076923 0.010817307692307692 0.09134615384615384 0.021634615384615384
0 0.8088942307692307 0.010817307692307692 0.09375 0.021634615384615384
0 0.06490384615384616 0.030048076923076924 0.10096153846153846 0.06009615384615385
0 0.3449519230769231 0.009615384615384616 0.07451923076923077 0.019230769230769232
0 0.1502403846153846 0.02283653846153846 0.10817307692307693 0.04567307692307692
0 0.6826923076923077 0.03365384615384615 0.09615384615384616 0.0673076923076923