1 0.10576923076923077 0.46634615384615385 0.06971153846153846 0.08173076923076923
1 0.16826923076923078 0.4182692307692308 0.05048076923076923 0.06971153846153846
1 0.23076923076923078 0.4519230769230769 0.057692307692307696 0.07932692307692307
1 0.40625 0.4567307692307692 0.06490384615384616 0.0889423076923077
1 0.2091346153846154 0.375 0.055288461538461536 0.06009615384615385
1 0.24519230769230768 0.3389423076923077 0.055288461538461536 0.057692307692307696
1 0.3076923076923077 0.33653846153846156 0.04807692307692308 0.06009615384615385
1 0.46875 0.30528846153846156 0.04807692307692308 0.057692307692307696
1 0.49759615384615385 0.36778846153846156 0.04807692307692308 0.07692307692307693
1 0.5192307692307693 0.43990384615384615 0.057692307692307696 0.07932692307692307
1 0.5721153846153846 0.47596153846153844 0.0673076923076923 0.0889423076923077
1 0.5697115384615384 0.3245192307692308 0.052884615384615384 0.06971153846153846
1 0.7403846153846154 0.4543269230769231 0.057692307692307696 0.07211538461538461
1 0.6971153846153846 0.4014423076923077 0.052884615384615384 0.0625
1 0.8918269230769231 0.47836538461538464 0.08173076923076923 0.0985576923076923
2 0.08653846153846154 0.6298076923076923 0.14423076923076922 0.3942307692307692
2 0.23317307692307693 0.6201923076923077 0.14182692307692307 0.41586538461538464
2 0.40625 0.6201923076923077 0.18990384615384615 0.41586538461538464
2 0.5769230769230769 0.625 0.15625 0.39903846153846156
2 0.6971153846153846 0.6322115384615384 0.13701923076923078 0.3918269230769231
2 0.7716346153846154 0.6201923076923077 0.12259615384615384 0.40625
2 0.9014423076923077 0.6274038461538461 0.1875 0.40384615384615385
2 0.16346153846153846 0.4567307692307692 0.0985576923076923 0.14423076923076922
2 0.30288461538461536 0.47836538461538464 0.10576923076923077 0.13701923076923078
2 0.5240384615384616 0.47836538461538464 0.12980769230769232 0.15144230769230768
2 0.7091346153846154 0.4543269230769231 0.16346153846153846 0.16105769230769232
2 0.35096153846153844 0.3942307692307692 0.09134615384615384 0.11538461538461539
2 0.49278846153846156 0.40865384615384615 0.12259615384615384 0.14423076923076922
2 0.5793269230769231 0.3701923076923077 0.11778846153846154 0.17067307692307693
2 0.46634615384615385 0.34375 0.10817307692307693 0.1346153846153846
2 0.3076923076923077 0.35336538461538464 0.06971153846153846 0.0985576923076923
2 0.2403846153846154 0.3605769230769231 0.06971153846153846 0.09615384615384616
2 0.20192307692307693 0.3918269230769231 0.0625 0.0985576923076923
1 0.24519230769230768 0.01201923076923077 0.057692307692307696 0.02403846153846154
1 0.3088942307692308 0.013221153846153846 0.05048076923076923 0.026442307692307692
1 0.4699519230769231 0.028846153846153848 0.05048076923076923 0.057692307692307696
1 0.5709134615384616 0.021634615384615384 0.055288461538461536 0.04326923076923077
2 0.08774038461538461 0.9158653846153846 0.1466346153846154 0.15865384615384615
2 0.23317307692307693 0.9146634615384616 0.14423076923076922 0.16105769230769232
2 0.40625 0.9146634615384616 0.19230769230769232 0.16105769230769232
2 0.5769230769230769 0.9170673076923077 0.15865384615384615 0.15625
2 0.6971153846153846 0.9146634615384616 0.13942307692307693 0.16105769230769232
2 0.7716346153846154 0.9170673076923077 0.125 0.15625
2 0.9026442307692307 0.9146634615384616 0.18990384615384615 0.16105769230769232
2 0.5793269230769231 0.02403846153846154 0.1201923076923077 0.04807692307692308
2 0.46634615384615385 0.028846153846153848 0.11057692307692307 0.057692307692307696
2 0.3076923076923077 0.014423076923076924 0.07211538461538461 0.028846153846153848
2 0.2403846153846154 0.010817307692307692 0.07211538461538461 0.021634615384615384