1 0.8581730769230769 0.6418269230769231 0.06490384615384616 0.08173076923076923
1 0.6081730769230769 0.6009615384615384 0.04807692307692308 0.07451923076923077
1 0.21875 0.6153846153846154 0.04326923076923077 0.057692307692307696
1 0.96875 0.5913461538461539 0.04567307692307692 0.0625
1 0.13221153846153846 0.6153846153846154 0.04326923076923077 0.0673076923076923
1 0.09375 0.6274038461538461 0.057692307692307696 0.07692307692307693
1 0.5048076923076923 0.6129807692307693 0.04807692307692308 0.0625
1 0.7788461538461539 0.6009615384615384 0.04326923076923077 0.06009615384615385
1 0.8221153846153846 0.6057692307692307 0.028846153846153848 0.05048076923076923
1 0.4375 0.6105769230769231 0.021634615384615384 0.03365384615384615
1 0.5456730769230769 0.6081730769230769 0.026442307692307692 0.036057692307692304
1 0.46875 0.6177884615384616 0.019230769230769232 0.03365384615384615