1 0.7980769230769231 0.5961538461538461 0.04807692307692308 0.05048076923076923
1 0.7572115384615384 0.6009615384615384 0.040865384615384616 0.05048076923076923
1 0.6586538461538461 0.6177884615384616 0.04567307692307692 0.04567307692307692
1 0.6899038461538461 0.5985576923076923 0.02403846153846154 0.03365384615384615
1 0.5408653846153846 0.6850961538461539 0.040865384615384616 0.036057692307692304
1 0.45913461538461536 0.5889423076923077 0.04567307692307692 0.03365384615384615
1 0.35336538461538464 0.6009615384615384 0.028846153846153848 0.038461538461538464
1 0.3317307692307692 0.6538461538461539 0.038461538461538464 0.03365384615384615
1 0.31009615384615385 0.6057692307692307 0.021634615384615384 0.028846153846153848
1 0.2548076923076923 0.6274038461538461 0.03365384615384615 0.03365384615384615
1 0.2980769230769231 0.6850961538461539 0.028846153846153848 0.026442307692307692
1 0.5408653846153846 0.9735576923076923 0.040865384615384616 0.036057692307692304
1 0.3329326923076923 0.9915865384615384 0.040865384615384616 0.007211538461538462
1 0.2980769230769231 0.9735576923076923 0.028846153846153848 0.026442307692307692