1 0.7932692307692307 0.49038461538461536 0.0673076923076923 0.06971153846153846
1 0.375 0.5336538461538461 0.04807692307692308 0.055288461538461536
1 0.057692307692307696 0.49759615384615385 0.040865384615384616 0.03365384615384615
1 0.07932692307692307 0.47115384615384615 0.03365384615384615 0.03125
1 0.125 0.49038461538461536 0.04567307692307692 0.03365384615384615
1 0.2764423076923077 0.5048076923076923 0.05048076923076923 0.04567307692307692
1 0.5360576923076923 0.5048076923076923 0.057692307692307696 0.055288461538461536
1 0.6466346153846154 0.4639423076923077 0.05048076923076923 0.04567307692307692
1 0.8701923076923077 0.4543269230769231 0.06971153846153846 0.06009615384615385
1 0.2644230769230769 0.42788461538461536 0.036057692307692304 0.04326923076923077
1 0.5024038461538461 0.46153846153846156 0.04326923076923077 0.04567307692307692
1 0.6850961538461539 0.5216346153846154 0.07451923076923077 0.07451923076923077
1 0.15384615384615385 0.4567307692307692 0.04326923076923077 0.036057692307692304