1 0.04326923076923077 0.44471153846153844 0.06971153846153846 0.08173076923076923
1 0.5120192307692307 0.4110576923076923 0.055288461538461536 0.08413461538461539
1 0.23317307692307693 0.4326923076923077 0.057692307692307696 0.06971153846153846
1 0.8822115384615384 0.39663461538461536 0.06971153846153846 0.08413461538461539
1 0.6634615384615384 0.3894230769230769 0.06009615384615385 0.08173076923076923
1 0.7331730769230769 0.41586538461538464 0.052884615384615384 0.06971153846153846
1 0.13942307692307693 0.4326923076923077 0.052884615384615384 0.06971153846153846
1 0.7836538461538461 0.4110576923076923 0.04567307692307692 0.06971153846153846
1 0.41586538461538464 0.4182692307692308 0.0625 0.07211538461538461
1 0.28846153846153844 0.4230769230769231 0.04567307692307692 0.06490384615384616
1 0.46153846153846156 0.41346153846153844 0.03365384615384615 0.06971153846153846
1 0.6298076923076923 0.4254807692307692 0.03125 0.04326923076923077
1 0.9254807692307693 0.4182692307692308 0.040865384615384616 0.0673076923076923
1 0.6009615384615384 0.4326923076923077 0.026442307692307692 0.040865384615384616