1 0.3557692307692308 0.3076923076923077 0.08413461538461539 0.11298076923076923
1 0.6177884615384616 0.28125 0.07451923076923077 0.10817307692307693
1 0.5456730769230769 0.3293269230769231 0.11057692307692307 0.14423076923076922
0 0.84375 0.3293269230769231 0.20432692307692307 0.22115384615384615
0 0.4375 0.3485576923076923 0.07451923076923077 0.0985576923076923
0 0.04807692307692308 0.33653846153846156 0.07451923076923077 0.10096153846153846
0 0.11778846153846154 0.31490384615384615 0.06490384615384616 0.08173076923076923
2 0.09615384615384616 0.5745192307692307 0.18990384615384615 0.59375
2 0.3125 0.5576923076923077 0.19471153846153846 0.6057692307692307
2 0.41586538461538464 0.5480769230769231 0.14182692307692307 0.49278846153846156
2 0.5384615384615384 0.5625 0.1778846153846154 0.6177884615384616
2 0.6322115384615384 0.5216346153846154 0.125 0.6057692307692307
2 0.8701923076923077 0.5456730769230769 0.25240384615384615 0.65625
2 0.7235576923076923 0.5024038461538461 0.3004807692307692 0.7307692307692307
0 0.7620192307692307 0.20192307692307693 0.09375 0.11778846153846154
1 0.6177884615384616 0.01201923076923077 0.07692307692307693 0.02403846153846154
2 0.09615384615384616 0.9375 0.19230769230769232 0.1201923076923077
0 0.7620192307692307 0.054086538461538464 0.09615384615384616 0.10817307692307693