1 0.18990384615384615 0.5673076923076923 0.052884615384615384 0.057692307692307696
1 0.49278846153846156 0.5336538461538461 0.026442307692307692 0.03125
1 0.38221153846153844 0.5408653846153846 0.03365384615384615 0.03365384615384615
1 0.5576923076923077 0.5576923076923077 0.026442307692307692 0.03125
1 0.4423076923076923 0.5625 0.03365384615384615 0.021634615384615384
1 0.6442307692307693 0.5336538461538461 0.03125 0.04326923076923077
1 0.6129807692307693 0.5456730769230769 0.03365384615384615 0.04326923076923077
1 0.7668269230769231 0.5360576923076923 0.03365384615384615 0.04567307692307692
1 0.8798076923076923 0.5336538461538461 0.03365384615384615 0.04326923076923077
1 0.9230769230769231 0.5264423076923077 0.038461538461538464 0.04567307692307692
1 0.7331730769230769 0.5336538461538461 0.036057692307692304 0.04567307692307692
1 0.7115384615384616 0.5384615384615384 0.026442307692307692 0.036057692307692304
1 0.8197115384615384 0.5288461538461539 0.02403846153846154 0.040865384615384616
1 0.8389423076923077 0.5408653846153846 0.019230769230769232 0.03365384615384615
1 0.9855769230769231 0.5360576923076923 0.021634615384615384 0.03125
1 0.7908653846153846 0.5240384615384616 0.028846153846153848 0.036057692307692304
1 0.6947115384615384 0.5360576923076923 0.016826923076923076 0.03125
1 0.5216346153846154 0.5408653846153846 0.026442307692307692 0.026442307692307692