1 0.0625 0.27403846153846156 0.07211538461538461 0.10336538461538461
1 0.3076923076923077 0.3293269230769231 0.07451923076923077 0.0985576923076923
1 0.21153846153846154 0.3076923076923077 0.07211538461538461 0.10096153846153846
1 0.4423076923076923 0.3629807692307692 0.0889423076923077 0.11538461538461539
1 0.6418269230769231 0.33413461538461536 0.057692307692307696 0.08173076923076923
0 0.59375 0.30288461538461536 0.07451923076923077 0.08413461538461539
2 0.07692307692307693 0.5072115384615384 0.15384615384615385 0.5528846153846154
2 0.20673076923076922 0.5144230769230769 0.12980769230769232 0.5120192307692307
2 0.3245192307692308 0.53125 0.12980769230769232 0.49759615384615385
2 0.45913461538461536 0.5144230769230769 0.14903846153846154 0.4182692307692308
2 0.5985576923076923 0.43028846153846156 0.13942307692307693 0.32211538461538464
2 0.6658653846153846 0.40625 0.09615384615384616 0.21634615384615385
1 0.0625 0.052884615384615384 0.07211538461538461 0.10336538461538461
1 0.3076923076923077 0.02403846153846154 0.07692307692307693 0.04807692307692308
1 0.2127403846153846 0.036057692307692304 0.07451923076923077 0.07211538461538461
1 0.4423076923076923 0.01201923076923077 0.09134615384615384 0.02403846153846154
1 0.6430288461538461 0.018028846153846152 0.06009615384615385 0.036057692307692304
0 0.59375 0.03365384615384615 0.07692307692307693 0.0673076923076923
2 0.32572115384615385 0.9423076923076923 0.13221153846153846 0.10576923076923077