1 0.7331730769230769 0.37259615384615385 0.11057692307692307 0.13221153846153846
1 0.24278846153846154 0.3245192307692308 0.11057692307692307 0.1658653846153846
1 0.5889423076923077 0.4014423076923077 0.0673076923076923 0.09375
1 0.4879807692307692 0.36778846153846156 0.08413461538461539 0.12259615384615384
1 0.36778846153846156 0.3701923076923077 0.12259615384615384 0.1658653846153846
1 0.057692307692307696 0.3942307692307692 0.11057692307692307 0.15144230769230768
1 0.6658653846153846 0.4951923076923077 0.13221153846153846 0.12980769230769232
1 0.734375 0.013221153846153846 0.11298076923076923 0.026442307692307692
1 0.2439903846153846 0.04567307692307692 0.11298076923076923 0.09134615384615384
1 0.4879807692307692 0.013221153846153846 0.08653846153846154 0.026442307692307692
1 0.36778846153846156 0.02283653846153846 0.125 0.04567307692307692