1 0.12259615384615384 0.28846153846153844 0.125 0.16826923076923078
0 0.038461538461538464 0.35096153846153844 0.07451923076923077 0.09375
0 0.21153846153846154 0.33413461538461536 0.09375 0.10817307692307693
0 0.34615384615384615 0.31971153846153844 0.07692307692307693 0.10096153846153846
0 0.49278846153846156 0.35336538461538464 0.057692307692307696 0.08173076923076923
0 0.5240384615384616 0.36778846153846156 0.03365384615384615 0.055288461538461536
0 0.6033653846153846 0.34375 0.052884615384615384 0.08173076923076923
0 0.6370192307692307 0.3629807692307692 0.040865384615384616 0.052884615384615384
0 0.7307692307692307 0.3389423076923077 0.052884615384615384 0.07451923076923077
0 0.7548076923076923 0.35096153846153844 0.036057692307692304 0.057692307692307696
0 0.7788461538461539 0.37740384615384615 0.03365384615384615 0.04807692307692308
0 0.84375 0.375 0.03125 0.03365384615384615
0 0.8870192307692307 0.3942307692307692 0.03365384615384615 0.028846153846153848
1 0.12379807692307693 0.02403846153846154 0.12740384615384615 0.04807692307692308