1 0.16826923076923078 0.23317307692307693 0.11057692307692307 0.11538461538461539
1 0.46875 0.40865384615384615 0.03365384615384615 0.04567307692307692
1 0.6899038461538461 0.43509615384615385 0.04567307692307692 0.05048076923076923
1 0.8245192307692307 0.4230769230769231 0.057692307692307696 0.057692307692307696
2 0.15865384615384615 0.5048076923076923 0.2403846153846154 0.6466346153846154
2 0.46634615384615385 0.49278846153846156 0.08653846153846154 0.21875
2 0.6394230769230769 0.5384615384615384 0.13221153846153846 0.2644230769230769
2 0.8509615384615384 0.5192307692307693 0.11538461538461539 0.25240384615384615
1 0.16826923076923078 0.0985576923076923 0.11057692307692307 0.11538461538461539
2 0.15985576923076922 0.07572115384615384 0.24278846153846154 0.15144230769230768
2 0.15985576923076922 0.9146634615384616 0.24278846153846154 0.16105769230769232