1 0.25 0.34375 0.20192307692307693 0.2091346153846154
1 0.42788461538461536 0.3076923076923077 0.11778846153846154 0.15144230769230768
1 0.6490384615384616 0.31490384615384615 0.1466346153846154 0.20192307692307693
1 0.03365384615384615 0.44471153846153844 0.0625 0.09615384615384616
1 0.038461538461538464 0.3918269230769231 0.07211538461538461 0.08173076923076923
0 0.7860576923076923 0.3605769230769231 0.16346153846153846 0.18028846153846154
1 0.14182692307692307 0.33653846153846156 0.11057692307692307 0.18028846153846154
1 0.2512019230769231 0.046875 0.20432692307692307 0.09375
1 0.42788461538461536 0.05048076923076923 0.1201923076923077 0.10096153846153846
1 0.6490384615384616 0.06009615384615385 0.14903846153846154 0.1201923076923077
0 0.7872596153846154 0.03125 0.1658653846153846 0.0625
1 0.14302884615384615 0.04326923076923077 0.11298076923076923 0.08653846153846154