0 0.6754807692307693 0.31009615384615385 0.0673076923076923 0.09134615384615384
0 0.49278846153846156 0.31971153846153844 0.06009615384615385 0.06971153846153846
0 0.35336538461538464 0.3293269230769231 0.08173076923076923 0.08413461538461539
0 0.1971153846153846 0.28846153846153844 0.09375 0.11778846153846154
0 0.13701923076923078 0.3389423076923077 0.057692307692307696 0.07451923076923077
0 0.6057692307692307 0.3317307692307692 0.036057692307692304 0.0625
0 0.08413461538461539 0.34375 0.04326923076923077 0.055288461538461536
0 0.5649038461538461 0.3485576923076923 0.038461538461538464 0.055288461538461536
0 0.6766826923076923 0.03485576923076923 0.06971153846153846 0.06971153846153846
0 0.49278846153846156 0.02403846153846154 0.0625 0.04807692307692308
0 0.3545673076923077 0.02283653846153846 0.08413461538461539 0.04567307692307692
0 0.1971153846153846 0.051682692307692304 0.09615384615384616 0.10336538461538461
0 0.13822115384615385 0.015625 0.06009615384615385 0.03125
0 0.6057692307692307 0.016826923076923076 0.038461538461538464 0.03365384615384615
0 0.08533653846153846 0.008413461538461538 0.04567307692307692 0.016826923076923076
0 0.5661057692307693 0.006009615384615385 0.040865384615384616 0.01201923076923077