1 0.27884615384615385 0.44471153846153844 0.04326923076923077 0.04326923076923077
1 0.3629807692307692 0.47836538461538464 0.04567307692307692 0.04326923076923077
1 0.5048076923076923 0.43028846153846156 0.040865384615384616 0.04567307692307692
1 0.8100961538461539 0.31971153846153844 0.026442307692307692 0.036057692307692304
0 0.12740384615384615 0.6658653846153846 0.07211538461538461 0.04567307692307692
0 0.1778846153846154 0.4951923076923077 0.04567307692307692 0.040865384615384616
0 0.07692307692307693 0.5913461538461539 0.057692307692307696 0.06009615384615385
0 0.12740384615384615 0.6177884615384616 0.0673076923076923 0.052884615384615384
0 0.25961538461538464 0.5120192307692307 0.04807692307692308 0.04567307692307692
0 0.3317307692307692 0.5336538461538461 0.055288461538461536 0.04567307692307692
0 0.4375 0.5096153846153846 0.055288461538461536 0.055288461538461536
0 0.5576923076923077 0.4519230769230769 0.055288461538461536 0.04807692307692308
0 0.6322115384615384 0.31971153846153844 0.03365384615384615 0.03125
0 0.6875 0.31971153846153844 0.028846153846153848 0.02403846153846154
1 0.5961538461538461 0.3581730769230769 0.03365384615384615 0.03365384615384615
1 0.7692307692307693 0.31490384615384615 0.03365384615384615 0.03125