1 0.5240384615384616 0.43509615384615385 0.06490384615384616 0.07451923076923077
1 0.6490384615384616 0.44711538461538464 0.11538461538461539 0.11778846153846154
1 0.4423076923076923 0.4735576923076923 0.04807692307692308 0.06009615384615385
1 0.3942307692307692 0.46634615384615385 0.038461538461538464 0.04807692307692308
1 0.3701923076923077 0.4831730769230769 0.03125 0.02403846153846154
1 0.3389423076923077 0.4807692307692308 0.021634615384615384 0.021634615384615384
2 0.7235576923076923 0.6153846153846154 0.2764423076923077 0.4206730769230769
2 0.5528846153846154 0.6129807692307693 0.15144230769230768 0.4230769230769231
2 0.4639423076923077 0.6225961538461539 0.09134615384615384 0.3701923076923077
2 0.40625 0.6009615384615384 0.0625 0.3076923076923077
2 0.36538461538461536 0.5625 0.040865384615384616 0.1875
2 0.3389423076923077 0.5384615384615384 0.03365384615384615 0.13701923076923078
2 0.7235576923076923 0.9146634615384616 0.27884615384615385 0.1658653846153846
2 0.5528846153846154 0.9158653846153846 0.15384615384615385 0.16346153846153846
2 0.4651442307692308 0.9242788461538461 0.09375 0.1466346153846154
2 0.4074519230769231 0.9507211538461539 0.06490384615384616 0.09375