1 0.7307692307692307 0.6298076923076923 0.057692307692307696 0.07211538461538461
1 0.5600961538461539 0.5048076923076923 0.038461538461538464 0.05048076923076923
1 0.6153846153846154 0.4855769230769231 0.038461538461538464 0.04567307692307692
0 0.03125 0.6346153846153846 0.04326923076923077 0.04567307692307692
0 0.12259615384615384 0.6322115384615384 0.04567307692307692 0.05048076923076923
0 0.19471153846153846 0.5841346153846154 0.04326923076923077 0.04326923076923077
0 0.40865384615384615 0.38461538461538464 0.026442307692307692 0.026442307692307692
0 0.375 0.5336538461538461 0.03365384615384615 0.036057692307692304
0 0.8269230769230769 0.47596153846153844 0.036057692307692304 0.038461538461538464
0 0.25240384615384615 0.5480769230769231 0.03365384615384615 0.03365384615384615
0 0.21394230769230768 0.53125 0.036057692307692304 0.038461538461538464
0 0.31971153846153844 0.5384615384615384 0.036057692307692304 0.040865384615384616
0 0.28365384615384615 0.5072115384615384 0.040865384615384616 0.036057692307692304
0 0.4230769230769231 0.5144230769230769 0.040865384615384616 0.03365384615384615
0 0.3870192307692308 0.4831730769230769 0.038461538461538464 0.040865384615384616
0 0.4519230769230769 0.46153846153846156 0.03365384615384615 0.03365384615384615
0 0.5625 0.42788461538461536 0.03365384615384615 0.038461538461538464
0 0.6610576923076923 0.39903846153846156 0.03125 0.03365384615384615
0 0.3389423076923077 0.5144230769230769 0.03125 0.040865384615384616
0 0.19951923076923078 0.3557692307692308 0.02403846153846154 0.03125