1 0.7403846153846154 0.2548076923076923 0.08173076923076923 0.08413461538461539
1 0.8677884615384616 0.32211538461538464 0.07451923076923077 0.08413461538461539
1 0.31490384615384615 0.2668269230769231 0.0673076923076923 0.07211538461538461
1 0.3245192307692308 0.3581730769230769 0.0985576923076923 0.10576923076923077
1 0.5576923076923077 0.36778846153846156 0.07692307692307693 0.09375
1 0.07211538461538461 0.2764423076923077 0.052884615384615384 0.0625
1 0.4735576923076923 0.2668269230769231 0.05048076923076923 0.052884615384615384
1 0.5384615384615384 0.2548076923076923 0.04567307692307692 0.06009615384615385
1 0.8269230769230769 0.25 0.052884615384615384 0.06490384615384616
1 0.7403846153846154 0.07692307692307693 0.08173076923076923 0.08413461538461539
1 0.8677884615384616 0.026442307692307692 0.07692307692307693 0.052884615384615384
1 0.31490384615384615 0.06490384615384616 0.0673076923076923 0.07211538461538461
1 0.3245192307692308 0.014423076923076924 0.10096153846153846 0.028846153846153848
1 0.07211538461538461 0.055288461538461536 0.052884615384615384 0.0625
1 0.4735576923076923 0.06490384615384616 0.05048076923076923 0.052884615384615384
1 0.5384615384615384 0.07692307692307693 0.04567307692307692 0.06009615384615385
1 0.8269230769230769 0.08173076923076923 0.052884615384615384 0.06490384615384616