1 0.6177884615384616 0.6947115384615384 0.05048076923076923 0.0625
0 0.21875 0.71875 0.02403846153846154 0.04807692307692308
0 0.24759615384615385 0.7427884615384616 0.028846153846153848 0.038461538461538464
0 0.32211538461538464 0.7307692307692307 0.04326923076923077 0.04326923076923077
0 0.43509615384615385 0.7331730769230769 0.036057692307692304 0.036057692307692304
0 0.7163461538461539 0.7355769230769231 0.04807692307692308 0.052884615384615384
0 0.75 0.7043269230769231 0.040865384615384616 0.04567307692307692
0 0.6490384615384616 0.7091346153846154 0.036057692307692304 0.04326923076923077
0 0.5408653846153846 0.7067307692307693 0.036057692307692304 0.04326923076923077
0 0.5841346153846154 0.7043269230769231 0.03365384615384615 0.04567307692307692
0 0.46634615384615385 0.7211538461538461 0.038461538461538464 0.038461538461538464
0 0.38461538461538464 0.7235576923076923 0.040865384615384616 0.04567307692307692
1 0.96875 0.6947115384615384 0.05048076923076923 0.0625
0 0.18990384615384615 0.71875 0.02403846153846154 0.04807692307692308
0 0.16105769230769232 0.7427884615384616 0.028846153846153848 0.038461538461538464
0 0.08653846153846154 0.7307692307692307 0.04326923076923077 0.04326923076923077
0 0.8701923076923077 0.7355769230769231 0.04807692307692308 0.052884615384615384
0 0.8365384615384616 0.7043269230769231 0.040865384615384616 0.04567307692307692
0 0.9375 0.7091346153846154 0.036057692307692304 0.04326923076923077
0 0.9903846153846154 0.7043269230769231 0.009615384615384616 0.04807692307692308
0 0.02403846153846154 0.7235576923076923 0.040865384615384616 0.04567307692307692