1 0.8966346153846154 0.38461538461538464 0.11057692307692307 0.13221153846153846
1 0.7596153846153846 0.4230769230769231 0.07692307692307693 0.09375
1 0.6754807692307693 0.40384615384615385 0.06971153846153846 0.08173076923076923
1 0.8389423076923077 0.39663461538461536 0.057692307692307696 0.10336538461538461
0 0.0889423076923077 0.3701923076923077 0.12740384615384615 0.13221153846153846
0 0.5817307692307693 0.4110576923076923 0.06971153846153846 0.08413461538461539
0 0.4639423076923077 0.4206730769230769 0.057692307692307696 0.0625
1 0.24519230769230768 0.2283653846153846 0.021634615384615384 0.028846153846153848
1 0.15144230769230768 0.21153846153846154 0.021634615384615384 0.026442307692307692
1 0.08173076923076923 0.21394230769230768 0.021634615384615384 0.02403846153846154
1 0.026442307692307692 0.3557692307692308 0.04807692307692308 0.08173076923076923
1 0.24519230769230768 0.021634615384615384 0.021634615384615384 0.028846153846153848
1 0.15144230769230768 0.038461538461538464 0.021634615384615384 0.026442307692307692
1 0.08173076923076923 0.036057692307692304 0.021634615384615384 0.02403846153846154