1 0.7548076923076923 0.3004807692307692 0.08173076923076923 0.11298076923076923
1 0.17067307692307693 0.2980769230769231 0.08173076923076923 0.10336538461538461
1 0.4423076923076923 0.3269230769230769 0.06490384615384616 0.09375
1 0.5192307692307693 0.3245192307692308 0.08173076923076923 0.11298076923076923
1 0.25240384615384615 0.3173076923076923 0.057692307692307696 0.08173076923076923
1 0.6081730769230769 0.3125 0.06490384615384616 0.0985576923076923
1 0.34134615384615385 0.31009615384615385 0.057692307692307696 0.09134615384615384
1 0.8317307692307693 0.32211538461538464 0.11057692307692307 0.12980769230769232
1 0.028846153846153848 0.3389423076923077 0.055288461538461536 0.08413461538461539
1 0.9735576923076923 0.38461538461538464 0.04567307692307692 0.057692307692307696
1 0.11298076923076923 0.3389423076923077 0.06009615384615385 0.06009615384615385
1 0.7560096153846154 0.04447115384615385 0.08413461538461539 0.0889423076923077
1 0.171875 0.04326923076923077 0.08413461538461539 0.08653846153846154
1 0.4423076923076923 0.026442307692307692 0.0673076923076923 0.052884615384615384
1 0.5204326923076923 0.03245192307692308 0.08413461538461539 0.06490384615384616
1 0.2536057692307692 0.028846153846153848 0.06009615384615385 0.057692307692307696
1 0.6081730769230769 0.03485576923076923 0.0673076923076923 0.06971153846153846
1 0.3425480769230769 0.03485576923076923 0.06009615384615385 0.06971153846153846
1 0.8329326923076923 0.038461538461538464 0.11298076923076923 0.07692307692307693
1 0.028846153846153848 0.018028846153846152 0.057692307692307696 0.036057692307692304
1 0.11298076923076923 0.01201923076923077 0.0625 0.02403846153846154