1 0.7067307692307693 0.4206730769230769 0.0673076923076923 0.09134615384615384
1 0.15144230769230768 0.4182692307692308 0.08413461538461539 0.09375
1 0.3918269230769231 0.4014423076923077 0.0625 0.08653846153846154
1 0.9375 0.4495192307692308 0.0673076923076923 0.08653846153846154
1 0.27403846153846156 0.4110576923076923 0.052884615384615384 0.07932692307692307
1 0.7644230769230769 0.43990384615384615 0.055288461538461536 0.06490384615384616
1 0.5841346153846154 0.4423076923076923 0.04807692307692308 0.06971153846153846
1 0.4879807692307692 0.4014423076923077 0.052884615384615384 0.06971153846153846
1 0.21875 0.44471153846153844 0.05048076923076923 0.0673076923076923
1 0.4375 0.4182692307692308 0.036057692307692304 0.06009615384615385
1 0.625 0.43028846153846156 0.036057692307692304 0.06490384615384616
1 0.9014423076923077 0.42788461538461536 0.05048076923076923 0.06490384615384616
1 0.8461538461538461 0.43028846153846156 0.04567307692307692 0.0625