1 0.5192307692307693 0.3485576923076923 0.07692307692307693 0.10576923076923077
1 0.08653846153846154 0.3269230769230769 0.12980769230769232 0.16346153846153846
1 0.41346153846153844 0.3557692307692308 0.09134615384615384 0.11057692307692307
1 0.20192307692307693 0.34134615384615385 0.07932692307692307 0.11538461538461539
1 0.3389423076923077 0.3557692307692308 0.06009615384615385 0.08173076923076923
1 0.2620192307692308 0.35336538461538464 0.04567307692307692 0.07932692307692307
1 0.5721153846153846 0.3629807692307692 0.040865384615384616 0.057692307692307696
1 0.6658653846153846 0.3389423076923077 0.05048076923076923 0.0625
1 0.6225961538461539 0.3605769230769231 0.03365384615384615 0.057692307692307696
1 0.30288461538461536 0.36538461538461536 0.03365384615384615 0.06971153846153846
1 0.5204326923076923 0.019230769230769232 0.07932692307692307 0.038461538461538464
1 0.08774038461538461 0.04447115384615385 0.13221153846153846 0.0889423076923077
1 0.41466346153846156 0.016826923076923076 0.09375 0.03365384615384615
1 0.20192307692307693 0.025240384615384616 0.08173076923076923 0.05048076923076923
1 0.3389423076923077 0.009615384615384616 0.0625 0.019230769230769232
1 0.2620192307692308 0.009615384615384616 0.04807692307692308 0.019230769230769232
1 0.6658653846153846 0.013221153846153846 0.052884615384615384 0.026442307692307692