0 0.2644230769230769 0.3389423076923077 0.06490384615384616 0.06971153846153846
0 0.6730769230769231 0.34375 0.04567307692307692 0.055288461538461536
0 0.1346153846153846 0.37259615384615385 0.036057692307692304 0.06009615384615385
0 0.17548076923076922 0.38461538461538464 0.03365384615384615 0.04807692307692308
0 0.09615384615384616 0.37740384615384615 0.03365384615384615 0.05048076923076923
0 0.3293269230769231 0.375 0.03365384615384615 0.04567307692307692
0 0.40865384615384615 0.3701923076923077 0.036057692307692304 0.052884615384615384
0 0.43990384615384615 0.37740384615384615 0.03365384615384615 0.05048076923076923
0 0.5504807692307693 0.3581730769230769 0.04567307692307692 0.057692307692307696
0 0.6081730769230769 0.34615384615384615 0.038461538461538464 0.057692307692307696
0 0.8076923076923077 0.3245192307692308 0.05048076923076923 0.06009615384615385
0 0.21153846153846154 0.3942307692307692 0.028846153846153848 0.036057692307692304