1 0.7932692307692307 0.40865384615384615 0.12980769230769232 0.1466346153846154
1 0.37259615384615385 0.35336538461538464 0.03125 0.036057692307692304
1 0.5264423076923077 0.4014423076923077 0.02403846153846154 0.03125
1 0.46634615384615385 0.3918269230769231 0.019230769230769232 0.021634615384615384
1 0.4206730769230769 0.3918269230769231 0.021634615384615384 0.021634615384615384
2 0.7956730769230769 0.5841346153846154 0.15144230769230768 0.49759615384615385
2 0.37740384615384615 0.4182692307692308 0.055288461538461536 0.1778846153846154
2 0.5192307692307693 0.44711538461538464 0.05048076923076923 0.11778846153846154
2 0.46153846153846156 0.4254807692307692 0.038461538461538464 0.09375
2 0.41586538461538464 0.42788461538461536 0.03125 0.09375
2 0.7956730769230769 0.9182692307692307 0.15384615384615385 0.15865384615384615