1 0.5072115384615384 0.5336538461538461 0.0673076923076923 0.08653846153846154
1 0.17067307692307693 0.5072115384615384 0.0673076923076923 0.06971153846153846
1 0.14903846153846154 0.5841346153846154 0.11778846153846154 0.11057692307692307
1 0.3293269230769231 0.5841346153846154 0.10336538461538461 0.1201923076923077
1 0.06490384615384616 0.5576923076923077 0.09134615384615384 0.07692307692307693
1 0.055288461538461536 0.4855769230769231 0.057692307692307696 0.057692307692307696
1 0.3293269230769231 0.4639423076923077 0.03125 0.03365384615384615
1 0.42788461538461536 0.49278846153846156 0.036057692307692304 0.036057692307692304
1 0.4735576923076923 0.49278846153846156 0.03365384615384615 0.04326923076923077
1 0.7283653846153846 0.5240384615384616 0.040865384615384616 0.040865384615384616
1 0.6346153846153846 0.5 0.028846153846153848 0.038461538461538464
1 0.5961538461538461 0.5096153846153846 0.03125 0.04326923076923077
1 0.5480769230769231 0.5024038461538461 0.03125 0.038461538461538464