1 0.8870192307692307 0.3629807692307692 0.07211538461538461 0.09134615384615384
1 0.39663461538461536 0.2283653846153846 0.13701923076923078 0.12740384615384615
1 0.65625 0.2980769230769231 0.10576923076923077 0.14423076923076922
1 0.09134615384615384 0.3389423076923077 0.11778846153846154 0.11538461538461539
1 0.7716346153846154 0.33653846153846156 0.09134615384615384 0.11538461538461539
1 0.9495192307692307 0.4206730769230769 0.06009615384615385 0.06971153846153846
1 0.34134615384615385 0.32211538461538464 0.06490384615384616 0.10336538461538461
1 0.39663461538461536 0.0985576923076923 0.13701923076923078 0.12740384615384615
1 0.6574519230769231 0.051682692307692304 0.10817307692307693 0.10336538461538461
1 0.09134615384615384 0.02403846153846154 0.1201923076923077 0.04807692307692308
1 0.7728365384615384 0.025240384615384616 0.09375 0.05048076923076923
1 0.34134615384615385 0.028846153846153848 0.0673076923076923 0.057692307692307696