1 0.5264423076923077 0.3918269230769231 0.0673076923076923 0.08173076923076923
1 0.6346153846153846 0.37259615384615385 0.057692307692307696 0.08173076923076923
1 0.27884615384615385 0.3918269230769231 0.06009615384615385 0.07692307692307693
1 0.1778846153846154 0.375 0.038461538461538464 0.04567307692307692
1 0.10096153846153846 0.3894230769230769 0.036057692307692304 0.052884615384615384
1 0.37259615384615385 0.39663461538461536 0.03125 0.040865384615384616
1 0.46153846153846156 0.3870192307692308 0.038461538461538464 0.04807692307692308
1 0.6947115384615384 0.4182692307692308 0.055288461538461536 0.07692307692307693
1 0.4182692307692308 0.38461538461538464 0.03125 0.036057692307692304
1 0.07451923076923077 0.38461538461538464 0.028846153846153848 0.04567307692307692
1 0.96875 0.5408653846153846 0.052884615384615384 0.08413461538461539