1 0.8149038461538461 0.4423076923076923 0.0625 0.08653846153846154
1 0.9350961538461539 0.4567307692307692 0.0625 0.07692307692307693
1 0.28846153846153844 0.43990384615384615 0.07692307692307693 0.0673076923076923
1 0.6322115384615384 0.45913461538461536 0.04807692307692308 0.0673076923076923
1 0.5504807692307693 0.46875 0.055288461538461536 0.06971153846153846
1 0.4423076923076923 0.4423076923076923 0.05048076923076923 0.0673076923076923
1 0.3798076923076923 0.46875 0.04326923076923077 0.06490384615384616
0 0.7572115384615384 0.4639423076923077 0.038461538461538464 0.057692307692307696
1 0.6923076923076923 0.4639423076923077 0.040865384615384616 0.0625
1 0.875 0.46153846153846156 0.05048076923076923 0.0625
1 0.3245192307692308 0.4543269230769231 0.03125 0.06490384615384616
1 0.5817307692307693 0.47836538461538464 0.026442307692307692 0.057692307692307696