0 0.1658653846153846 0.3293269230769231 0.0985576923076923 0.11298076923076923
0 0.0889423076923077 0.31009615384615385 0.057692307692307696 0.09134615384615384
0 0.23798076923076922 0.34375 0.055288461538461536 0.07451923076923077
0 0.3076923076923077 0.3581730769230769 0.04326923076923077 0.06490384615384616
0 0.35336538461538464 0.34375 0.055288461538461536 0.06490384615384616
0 0.5456730769230769 0.375 0.06971153846153846 0.08173076923076923
0 0.7620192307692307 0.35096153846153844 0.06971153846153846 0.07451923076923077
0 0.8365384615384616 0.36778846153846156 0.0625 0.06971153846153846
0 0.9831730769230769 0.37259615384615385 0.02403846153846154 0.08653846153846154
0 0.1658653846153846 0.030048076923076924 0.10096153846153846 0.06009615384615385
0 0.09014423076923077 0.03485576923076923 0.06009615384615385 0.06971153846153846
0 0.23798076923076922 0.013221153846153846 0.057692307692307696 0.026442307692307692
0 0.35336538461538464 0.010817307692307692 0.057692307692307696 0.021634615384615384
0 0.7620192307692307 0.009615384615384616 0.07211538461538461 0.019230769230769232