1 0.8149038461538461 0.38221153846153844 0.07692307692307693 0.09375
1 0.4519230769230769 0.3317307692307692 0.08653846153846154 0.11778846153846154
1 0.6129807692307693 0.33653846153846156 0.06971153846153846 0.10576923076923077
1 0.11538461538461539 0.3245192307692308 0.07692307692307693 0.1201923076923077
1 0.04807692307692308 0.35096153846153844 0.057692307692307696 0.08413461538461539
1 0.17548076923076922 0.36778846153846156 0.052884615384615384 0.07211538461538461
1 0.9038461538461539 0.3701923076923077 0.057692307692307696 0.06971153846153846
1 0.5625 0.3557692307692308 0.04567307692307692 0.07692307692307693
1 0.4014423076923077 0.37740384615384615 0.06490384615384616 0.08173076923076923
1 0.7331730769230769 0.37259615384615385 0.038461538461538464 0.05048076923076923
0 0.27163461538461536 0.38221153846153844 0.036057692307692304 0.03365384615384615