1 0.040865384615384616 0.31009615384615385 0.0625 0.07211538461538461
1 0.3942307692307692 0.3605769230769231 0.057692307692307696 0.06009615384615385
1 0.37740384615384615 0.3317307692307692 0.06009615384615385 0.0625
1 0.5865384615384616 0.42788461538461536 0.04567307692307692 0.06009615384615385
1 0.7860576923076923 0.36538461538461536 0.04807692307692308 0.05048076923076923
1 0.6634615384615384 0.33413461538461536 0.04567307692307692 0.055288461538461536
1 0.4879807692307692 0.34375 0.04326923076923077 0.057692307692307696
1 0.5192307692307693 0.35336538461538464 0.038461538461538464 0.055288461538461536
1 0.24278846153846154 0.43509615384615385 0.038461538461538464 0.038461538461538464
1 0.042067307692307696 0.030048076923076924 0.06490384615384616 0.06009615384615385
1 0.37740384615384615 0.016826923076923076 0.0625 0.03365384615384615
1 0.6634615384615384 0.013221153846153846 0.04807692307692308 0.026442307692307692
1 0.4891826923076923 0.009615384615384616 0.04567307692307692 0.019230769230769232