1 0.8942307692307693 0.3581730769230769 0.12980769230769232 0.16826923076923078
0 0.4495192307692308 0.37740384615384615 0.11778846153846154 0.1658653846153846
0 0.09375 0.31490384615384615 0.11778846153846154 0.14182692307692307
0 0.6418269230769231 0.38461538461538464 0.10336538461538461 0.1346153846153846
0 0.18269230769230768 0.3894230769230769 0.06971153846153846 0.06971153846153846
0 0.3076923076923077 0.4230769230769231 0.0625 0.08173076923076923
0 0.5600961538461539 0.3942307692307692 0.09375 0.11298076923076923
0 0.5240384615384616 0.44471153846153844 0.057692307692307696 0.08653846153846154
1 0.8954326923076923 0.027644230769230768 0.13221153846153846 0.055288461538461536
0 0.4495192307692308 0.016826923076923076 0.1201923076923077 0.03365384615384615
0 0.09375 0.042067307692307696 0.1201923076923077 0.08413461538461539