1 0.2668269230769231 0.5 0.04567307692307692 0.04567307692307692
1 0.026442307692307692 0.28365384615384615 0.04326923076923077 0.055288461538461536
1 0.16105769230769232 0.25721153846153844 0.036057692307692304 0.04567307692307692
1 0.2548076923076923 0.2403846153846154 0.036057692307692304 0.036057692307692304
1 0.3485576923076923 0.2668269230769231 0.03365384615384615 0.04326923076923077
1 0.7259615384615384 0.5985576923076923 0.04326923076923077 0.038461538461538464
1 0.7139423076923077 0.4855769230769231 0.040865384615384616 0.038461538461538464
1 0.7884615384615384 0.5096153846153846 0.04326923076923077 0.036057692307692304
1 0.026442307692307692 0.04807692307692308 0.04326923076923077 0.055288461538461536
1 0.16105769230769232 0.07451923076923077 0.036057692307692304 0.04567307692307692
1 0.2548076923076923 0.09134615384615384 0.036057692307692304 0.036057692307692304
1 0.3485576923076923 0.06490384615384616 0.03365384615384615 0.04326923076923077