1 0.5769230769230769 0.3173076923076923 0.09375 0.11778846153846154
1 0.06009615384615385 0.2932692307692308 0.11778846153846154 0.16826923076923078
1 0.4206730769230769 0.32211538461538464 0.09134615384615384 0.11778846153846154
1 0.7668269230769231 0.29086538461538464 0.10576923076923077 0.13221153846153846
1 0.30288461538461536 0.3245192307692308 0.10576923076923077 0.12259615384615384
1 0.8822115384615384 0.3557692307692308 0.07932692307692307 0.12980769230769232
1 0.18269230769230768 0.34375 0.11057692307692307 0.13942307692307693
1 0.5769230769230769 0.042067307692307696 0.09615384615384616 0.08413461538461539
1 0.06009615384615385 0.0673076923076923 0.1201923076923077 0.1346153846153846
1 0.421875 0.039663461538461536 0.09375 0.07932692307692307
1 0.7680288461538461 0.05889423076923077 0.10817307692307693 0.11778846153846154
1 0.30408653846153844 0.039663461538461536 0.10817307692307693 0.07932692307692307
1 0.8822115384615384 0.026442307692307692 0.08173076923076923 0.052884615384615384
1 0.18389423076923078 0.03485576923076923 0.11298076923076923 0.06971153846153846