1 0.23798076923076922 0.2860576923076923 0.09134615384615384 0.10576923076923077
0 0.43990384615384615 0.31490384615384615 0.0625 0.07932692307692307
0 0.07932692307692307 0.23798076923076922 0.11538461538461539 0.125
0 0.7043269230769231 0.27884615384615385 0.07451923076923077 0.12259615384615384
0 0.7956730769230769 0.28846153846153844 0.15144230769230768 0.17307692307692307
0 0.9110576923076923 0.2932692307692308 0.09375 0.125
0 0.5528846153846154 0.3389423076923077 0.057692307692307696 0.0673076923076923
0 0.6418269230769231 0.3269230769230769 0.052884615384615384 0.06971153846153846
1 0.33653846153846156 0.31009615384615385 0.03365384615384615 0.04567307692307692
1 0.23918269230769232 0.05048076923076923 0.09375 0.10096153846153846
0 0.4411057692307692 0.028846153846153848 0.06490384615384616 0.057692307692307696
0 0.07932692307692307 0.09375 0.11538461538461539 0.125
0 0.7043269230769231 0.057692307692307696 0.07692307692307693 0.11538461538461539
0 0.7956730769230769 0.06610576923076923 0.15384615384615385 0.13221153846153846
0 0.9110576923076923 0.051682692307692304 0.09615384615384616 0.10336538461538461
0 0.5540865384615384 0.014423076923076924 0.06009615384615385 0.028846153846153848
0 0.6430288461538461 0.020432692307692308 0.055288461538461536 0.040865384615384616
1 0.33774038461538464 0.02283653846153846 0.036057692307692304 0.04567307692307692