1 0.20192307692307693 0.43990384615384615 0.055288461538461536 0.07211538461538461
1 0.5552884615384616 0.44471153846153844 0.04567307692307692 0.0673076923076923
1 0.3317307692307692 0.4543269230769231 0.052884615384615384 0.0673076923076923
1 0.13221153846153846 0.44711538461538464 0.04567307692307692 0.06009615384615385
1 0.02403846153846154 0.46153846153846156 0.04567307692307692 0.07692307692307693
1 0.2980769230769231 0.4567307692307692 0.03125 0.055288461538461536
1 0.43990384615384615 0.4519230769230769 0.04326923076923077 0.0625
1 0.47836538461538464 0.4519230769230769 0.03125 0.04567307692307692
1 0.5192307692307693 0.43990384615384615 0.026442307692307692 0.04567307692307692
1 0.6346153846153846 0.42788461538461536 0.05048076923076923 0.06971153846153846
1 0.8894230769230769 0.44471153846153844 0.04807692307692308 0.06009615384615385
1 0.8389423076923077 0.44711538461538464 0.03365384615384615 0.05048076923076923
1 0.7355769230769231 0.4423076923076923 0.03365384615384615 0.04807692307692308
1 0.6995192307692307 0.44711538461538464 0.036057692307692304 0.04807692307692308
1 0.6706730769230769 0.44471153846153844 0.026442307692307692 0.04807692307692308