0 0.8798076923076923 0.3485576923076923 0.11057692307692307 0.14182692307692307
0 0.3870192307692308 0.38461538461538464 0.0889423076923077 0.10576923076923077
0 0.6153846153846154 0.3605769230769231 0.09375 0.12980769230769232
0 0.21153846153846154 0.36538461538461536 0.10817307692307693 0.14903846153846154
0 0.7259615384615384 0.34375 0.07451923076923077 0.11298076923076923
0 0.10096153846153846 0.38221153846153844 0.10336538461538461 0.125
0 0.8798076923076923 0.0985576923076923 0.11057692307692307 0.14182692307692307
0 0.3870192307692308 0.0625 0.0889423076923077 0.10576923076923077
0 0.6153846153846154 0.08653846153846154 0.09375 0.12980769230769232
0 0.21153846153846154 0.08173076923076923 0.10817307692307693 0.14903846153846154
0 0.7259615384615384 0.10336538461538461 0.07451923076923077 0.11298076923076923
0 0.10096153846153846 0.06490384615384616 0.10336538461538461 0.125