1 0.7067307692307693 0.5408653846153846 0.08413461538461539 0.0985576923076923
1 0.8149038461538461 0.2764423076923077 0.06971153846153846 0.08413461538461539
1 0.8317307692307693 0.49759615384615385 0.10336538461538461 0.11057692307692307
1 0.6778846153846154 0.30288461538461536 0.055288461538461536 0.0673076923076923
1 0.4639423076923077 0.46875 0.052884615384615384 0.052884615384615384
1 0.6322115384615384 0.27884615384615385 0.052884615384615384 0.06490384615384616
1 0.4110576923076923 0.3245192307692308 0.05048076923076923 0.052884615384615384
1 0.4831730769230769 0.3076923076923077 0.04326923076923077 0.057692307692307696
1 0.5889423076923077 0.3269230769230769 0.04567307692307692 0.055288461538461536
1 0.6826923076923077 0.49759615384615385 0.057692307692307696 0.057692307692307696
1 0.4639423076923077 0.43990384615384615 0.06009615384615385 0.05048076923076923
1 0.8149038461538461 0.055288461538461536 0.06971153846153846 0.08413461538461539
1 0.6778846153846154 0.03245192307692308 0.057692307692307696 0.06490384615384616
1 0.6322115384615384 0.052884615384615384 0.052884615384615384 0.06490384615384616
1 0.4110576923076923 0.018028846153846152 0.052884615384615384 0.036057692307692304
1 0.484375 0.027644230769230768 0.04567307692307692 0.055288461538461536
1 0.5889423076923077 0.016826923076923076 0.04807692307692308 0.03365384615384615