0 0.28125 0.4951923076923077 0.055288461538461536 0.06490384615384616
0 0.84375 0.4831730769230769 0.05048076923076923 0.07211538461538461
0 0.6875 0.4639423076923077 0.04567307692307692 0.057692307692307696
0 0.1346153846153846 0.4735576923076923 0.052884615384615384 0.06971153846153846
0 0.08173076923076923 0.47115384615384615 0.026442307692307692 0.03125
0 0.19951923076923078 0.4807692307692308 0.03125 0.036057692307692304
0 0.35096153846153844 0.46634615384615385 0.038461538461538464 0.038461538461538464
0 0.46875 0.4735576923076923 0.04807692307692308 0.055288461538461536
0 0.6177884615384616 0.46875 0.04567307692307692 0.04807692307692308
0 0.7884615384615384 0.4807692307692308 0.040865384615384616 0.04567307692307692
0 0.5769230769230769 0.4831730769230769 0.028846153846153848 0.03365384615384615