1 0.9591346153846154 0.4326923076923077 0.07211538461538461 0.0673076923076923
1 0.22596153846153846 0.2644230769230769 0.07211538461538461 0.07932692307692307
1 0.2283653846153846 0.34134615384615385 0.07211538461538461 0.0673076923076923
1 0.10817307692307693 0.3701923076923077 0.06490384615384616 0.06490384615384616
1 0.4254807692307692 0.3125 0.04807692307692308 0.0625
1 0.6658653846153846 0.5 0.055288461538461536 0.06009615384615385
1 0.7764423076923077 0.46153846153846156 0.057692307692307696 0.057692307692307696
1 0.8605769230769231 0.37740384615384615 0.06971153846153846 0.06490384615384616
0 0.19951923076923078 0.17067307692307693 0.04807692307692308 0.052884615384615384
0 0.2932692307692308 0.17548076923076922 0.040865384615384616 0.04807692307692308
0 0.19951923076923078 0.040865384615384616 0.04807692307692308 0.052884615384615384
0 0.2932692307692308 0.036057692307692304 0.040865384615384616 0.04807692307692308