1 0.11778846153846154 0.6778846153846154 0.06009615384615385 0.04326923076923077
1 0.2668269230769231 0.6153846153846154 0.057692307692307696 0.06971153846153846
1 0.6778846153846154 0.6105769230769231 0.04567307692307692 0.04567307692307692
1 0.9759615384615384 0.6033653846153846 0.04326923076923077 0.07211538461538461
1 0.28365384615384615 0.27403846153846156 0.04326923076923077 0.052884615384615384
1 0.5 0.27884615384615385 0.038461538461538464 0.040865384615384616
1 0.5673076923076923 0.3173076923076923 0.036057692307692304 0.04326923076923077
1 0.71875 0.4182692307692308 0.026442307692307692 0.028846153846153848
1 0.6682692307692307 0.46153846153846156 0.028846153846153848 0.03365384615384615
0 0.40384615384615385 0.19951923076923078 0.055288461538461536 0.057692307692307696
1 0.11778846153846154 0.9807692307692307 0.0625 0.028846153846153848
1 0.28365384615384615 0.057692307692307696 0.04326923076923077 0.052884615384615384
1 0.5 0.052884615384615384 0.038461538461538464 0.040865384615384616
1 0.5673076923076923 0.019230769230769232 0.038461538461538464 0.038461538461538464
0 0.40384615384615385 0.13221153846153846 0.055288461538461536 0.057692307692307696