1 0.5216346153846154 0.31490384615384615 0.08173076923076923 0.11538461538461539
1 0.13221153846153846 0.31971153846153844 0.08413461538461539 0.11298076923076923
1 0.7620192307692307 0.3245192307692308 0.10336538461538461 0.13701923076923078
1 0.23798076923076922 0.31490384615384615 0.0985576923076923 0.13701923076923078
1 0.4326923076923077 0.35096153846153844 0.052884615384615384 0.0625
0 0.3293269230769231 0.3485576923076923 0.0673076923076923 0.09134615384615384
1 0.5817307692307693 0.34375 0.052884615384615384 0.07932692307692307
1 0.021634615384615384 0.40625 0.02403846153846154 0.038461538461538464
1 0.9447115384615384 0.43509615384615385 0.036057692307692304 0.05048076923076923
1 0.5228365384615384 0.057692307692307696 0.08413461538461539 0.11538461538461539
1 0.13221153846153846 0.054086538461538464 0.08653846153846154 0.10817307692307693
1 0.7620192307692307 0.057692307692307696 0.10576923076923077 0.11538461538461539
1 0.23798076923076922 0.0625 0.10096153846153846 0.125
1 0.4338942307692308 0.026442307692307692 0.055288461538461536 0.052884615384615384
0 0.33052884615384615 0.03485576923076923 0.06971153846153846 0.06971153846153846
1 0.5829326923076923 0.03365384615384615 0.055288461538461536 0.0673076923076923