0 0.23317307692307693 0.38221153846153844 0.06009615384615385 0.0889423076923077
0 0.5168269230769231 0.38221153846153844 0.057692307692307696 0.06971153846153846
0 0.3485576923076923 0.43990384615384615 0.1201923076923077 0.13701923076923078
0 0.8629807692307693 0.44471153846153844 0.10576923076923077 0.10817307692307693
0 0.6586538461538461 0.37259615384615385 0.04567307692307692 0.06009615384615385
0 0.27403846153846156 0.6442307692307693 0.19471153846153846 0.2091346153846154
0 0.8221153846153846 0.5649038461538461 0.18990384615384615 0.1971153846153846
0 0.9831730769230769 0.40625 0.02403846153846154 0.055288461538461536
0 0.7067307692307693 0.38461538461538464 0.04807692307692308 0.06971153846153846
0 0.4807692307692308 0.37259615384615385 0.038461538461538464 0.06490384615384616
0 0.28125 0.3870192307692308 0.04807692307692308 0.06971153846153846
0 0.27403846153846156 0.953125 0.1971153846153846 0.0889423076923077