1 0.4423076923076923 0.4495192307692308 0.06009615384615385 0.07932692307692307
1 0.9302884615384616 0.5336538461538461 0.0673076923076923 0.06490384615384616
1 0.14182692307692307 0.4519230769230769 0.04567307692307692 0.04807692307692308
1 0.5552884615384616 0.4567307692307692 0.057692307692307696 0.052884615384615384
1 0.7548076923076923 0.46875 0.028846153846153848 0.03365384615384615
1 0.7283653846153846 0.4254807692307692 0.021634615384615384 0.021634615384615384
1 0.3173076923076923 0.43028846153846156 0.05048076923076923 0.04807692307692308
1 0.2644230769230769 0.4735576923076923 0.04326923076923077 0.055288461538461536
1 0.40865384615384615 0.4543269230769231 0.026442307692307692 0.040865384615384616
1 0.6081730769230769 0.4423076923076923 0.03125 0.03365384615384615
1 0.38461538461538464 0.4206730769230769 0.021634615384615384 0.028846153846153848
1 0.5072115384615384 0.4254807692307692 0.021634615384615384 0.019230769230769232
0 0.07932692307692307 0.4543269230769231 0.04807692307692308 0.06490384615384616
0 0.6225961538461539 0.4639423076923077 0.04326923076923077 0.052884615384615384
0 0.4951923076923077 0.4495192307692308 0.028846153846153848 0.03365384615384615
2 0.9110576923076923 0.6466346153846154 0.16826923076923078 0.28365384615384615
2 0.7692307692307693 0.5432692307692307 0.06490384615384616 0.18269230769230768
2 0.7331730769230769 0.4735576923076923 0.04326923076923077 0.11778846153846154
0 0.7956730769230769 0.42788461538461536 0.014423076923076924 0.019230769230769232
2 0.8028846153846154 0.44471153846153844 0.040865384615384616 0.055288461538461536
2 0.6394230769230769 0.5841346153846154 0.08173076923076923 0.2932692307692308
2 0.4543269230769231 0.6201923076923077 0.15144230769230768 0.4014423076923077
2 0.08653846153846154 0.6009615384615384 0.13942307692307693 0.3605769230769231
2 0.15865384615384615 0.5552884615384616 0.0889423076923077 0.23798076923076922
2 0.2692307692307692 0.59375 0.08173076923076923 0.30288461538461536
2 0.3293269230769231 0.5576923076923077 0.07451923076923077 0.30288461538461536
2 0.3798076923076923 0.4543269230769231 0.040865384615384616 0.10096153846153846
2 0.5072115384615384 0.5024038461538461 0.06971153846153846 0.12980769230769232
2 0.5697115384615384 0.6033653846153846 0.08173076923076923 0.34134615384615385
2 0.6658653846153846 0.4639423076923077 0.04326923076923077 0.12980769230769232
2 0.6346153846153846 0.4014423076923077 0.038461538461538464 0.06971153846153846
1 0.6634615384615384 0.4110576923076923 0.016826923076923076 0.02403846153846154
1 0.6322115384615384 0.3798076923076923 0.021634615384615384 0.02403846153846154
2 0.9122596153846154 0.9350961538461539 0.17067307692307693 0.1201923076923077
2 0.640625 0.9639423076923077 0.08413461538461539 0.0625
2 0.4543269230769231 0.9182692307692307 0.15384615384615385 0.15384615384615385
2 0.08774038461538461 0.9387019230769231 0.14182692307692307 0.11298076923076923
2 0.2704326923076923 0.9567307692307693 0.08413461538461539 0.07692307692307693
2 0.5709134615384616 0.9423076923076923 0.08413461538461539 0.10576923076923077