0 0.18028846153846154 0.47115384615384615 0.0673076923076923 0.06490384615384616
0 0.2644230769230769 0.43509615384615385 0.04567307692307692 0.0625
0 0.3245192307692308 0.43509615384615385 0.036057692307692304 0.052884615384615384
0 0.2980769230769231 0.4375 0.028846153846153848 0.055288461538461536
0 0.3918269230769231 0.4326923076923077 0.038461538461538464 0.057692307692307696
1 0.5264423076923077 0.42788461538461536 0.04567307692307692 0.055288461538461536
1 0.5697115384615384 0.42788461538461536 0.026442307692307692 0.04567307692307692
0 0.6442307692307693 0.4326923076923077 0.036057692307692304 0.052884615384615384
0 0.5865384615384616 0.4326923076923077 0.03365384615384615 0.04326923076923077
0 0.4567307692307692 0.4230769230769231 0.03365384615384615 0.04807692307692308
0 0.6658653846153846 0.4206730769230769 0.03125 0.04807692307692308