1 0.7067307692307693 0.3942307692307692 0.040865384615384616 0.052884615384615384
1 0.6466346153846154 0.41586538461538464 0.04567307692307692 0.04326923076923077
0 0.040865384615384616 0.4254807692307692 0.026442307692307692 0.036057692307692304
0 0.10336538461538461 0.4375 0.028846153846153848 0.038461538461538464
0 0.17067307692307693 0.4254807692307692 0.028846153846153848 0.038461538461538464
0 0.3004807692307692 0.4254807692307692 0.03125 0.038461538461538464
0 0.4182692307692308 0.41586538461538464 0.03365384615384615 0.04567307692307692
0 0.4639423076923077 0.41346153846153844 0.036057692307692304 0.04567307692307692
0 0.5913461538461539 0.40384615384615385 0.03365384615384615 0.038461538461538464
0 0.5168269230769231 0.40625 0.028846153846153848 0.036057692307692304
0 0.5432692307692307 0.4206730769230769 0.03365384615384615 0.040865384615384616