1 0.8653846153846154 0.3317307692307692 0.07211538461538461 0.08653846153846154
1 0.25240384615384615 0.3245192307692308 0.07932692307692307 0.09375
1 0.5528846153846154 0.34615384615384615 0.055288461538461536 0.07211538461538461
1 0.71875 0.35336538461538464 0.055288461538461536 0.06490384615384616
1 0.4014423076923077 0.33413461538461536 0.05048076923076923 0.07451923076923077
1 0.4495192307692308 0.34375 0.040865384615384616 0.0625
1 0.7836538461538461 0.34615384615384615 0.04326923076923077 0.057692307692307696
1 0.5072115384615384 0.3581730769230769 0.040865384615384616 0.0625
1 0.6129807692307693 0.34615384615384615 0.04807692307692308 0.057692307692307696
1 0.8665865384615384 0.02283653846153846 0.07451923076923077 0.04567307692307692
1 0.25240384615384615 0.027644230769230768 0.08173076923076923 0.055288461538461536
1 0.5528846153846154 0.01201923076923077 0.057692307692307696 0.02403846153846154
1 0.4014423076923077 0.018028846153846152 0.052884615384615384 0.036057692307692304
1 0.4495192307692308 0.010817307692307692 0.04326923076923077 0.021634615384615384
1 0.7848557692307693 0.008413461538461538 0.04567307692307692 0.016826923076923076
1 0.6141826923076923 0.008413461538461538 0.05048076923076923 0.016826923076923076