0 0.1466346153846154 0.39663461538461536 0.07211538461538461 0.06490384615384616
0 0.4182692307692308 0.3701923076923077 0.0625 0.06971153846153846
0 0.33653846153846156 0.43509615384615385 0.11538461538461539 0.10336538461538461
0 0.27403846153846156 0.3701923076923077 0.0673076923076923 0.06009615384615385
0 0.6826923076923077 0.3701923076923077 0.06009615384615385 0.06490384615384616
0 0.0625 0.47115384615384615 0.11538461538461539 0.12259615384615384
0 0.8100961538461539 0.3942307692307692 0.06009615384615385 0.0673076923076923
0 0.5552884615384616 0.36778846153846156 0.06490384615384616 0.06971153846153846
0 0.6346153846153846 0.45913461538461536 0.12740384615384615 0.10817307692307693
0 0.040865384615384616 0.40384615384615385 0.07692307692307693 0.08173076923076923
0 0.9639423076923077 0.38461538461538464 0.055288461538461536 0.07692307692307693
0 0.8509615384615384 0.3557692307692308 0.04326923076923077 0.057692307692307696
0 0.9663461538461539 0.44711538461538464 0.06009615384615385 0.11538461538461539