1 0.15384615384615385 0.3557692307692308 0.06490384615384616 0.07932692307692307
1 0.4567307692307692 0.38221153846153844 0.057692307692307696 0.0673076923076923
1 0.2956730769230769 0.375 0.055288461538461536 0.07451923076923077
1 0.2283653846153846 0.3701923076923077 0.055288461538461536 0.0673076923076923
1 0.8076923076923077 0.33653846153846156 0.10096153846153846 0.11057692307692307
1 0.38221153846153844 0.3918269230769231 0.04807692307692308 0.0625
1 0.5264423076923077 0.3870192307692308 0.05048076923076923 0.0673076923076923
1 0.6201923076923077 0.4014423076923077 0.04807692307692308 0.04807692307692308
1 0.35336538461538464 0.36538461538461536 0.04567307692307692 0.052884615384615384
1 0.11538461538461539 0.36538461538461536 0.028846153846153848 0.06009615384615385
1 0.15384615384615385 0.08653846153846154 0.06490384615384616 0.07932692307692307
1 0.4567307692307692 0.06009615384615385 0.057692307692307696 0.0673076923076923
1 0.2956730769230769 0.0673076923076923 0.055288461538461536 0.07451923076923077
1 0.2283653846153846 0.07211538461538461 0.055288461538461536 0.0673076923076923
1 0.8076923076923077 0.10576923076923077 0.10096153846153846 0.11057692307692307
1 0.38221153846153844 0.05048076923076923 0.04807692307692308 0.0625
1 0.5264423076923077 0.055288461538461536 0.05048076923076923 0.0673076923076923
1 0.6201923076923077 0.040865384615384616 0.04807692307692308 0.04807692307692308
1 0.35336538461538464 0.07692307692307693 0.04567307692307692 0.052884615384615384
1 0.11538461538461539 0.07692307692307693 0.028846153846153848 0.06009615384615385