0 0.014423076923076924 0.5697115384615384 0.02403846153846154 0.08173076923076923
0 0.03125 0.5240384615384616 0.057692307692307696 0.06490384615384616
0 0.24519230769230768 0.5120192307692307 0.07451923076923077 0.06971153846153846
0 0.20432692307692307 0.6370192307692307 0.14903846153846154 0.15384615384615385
0 0.6129807692307693 0.5528846153846154 0.07932692307692307 0.09615384615384616
0 0.6586538461538461 0.5264423076923077 0.04807692307692308 0.07692307692307693
0 0.3269230769230769 0.4951923076923077 0.04567307692307692 0.057692307692307696
0 0.43990384615384615 0.4951923076923077 0.038461538461538464 0.04807692307692308
0 0.5408653846153846 0.4831730769230769 0.04567307692307692 0.04567307692307692
0 0.7307692307692307 0.4951923076923077 0.04567307692307692 0.055288461538461536
0 0.8677884615384616 0.5192307692307693 0.06490384615384616 0.07451923076923077
0 0.9206730769230769 0.5120192307692307 0.057692307692307696 0.0673076923076923
0 0.20552884615384615 0.9699519230769231 0.15144230769230768 0.05048076923076923