1 0.22596153846153846 0.6153846153846154 0.1875 0.16346153846153846
1 0.038461538461538464 0.6610576923076923 0.07451923076923077 0.2091346153846154
1 0.4375 0.7115384615384616 0.1875 0.17067307692307693
1 0.4254807692307692 0.6298076923076923 0.13221153846153846 0.14182692307692307
1 0.7331730769230769 0.6850961538461539 0.25721153846153844 0.25961538461538464
1 0.9158653846153846 0.6682692307692307 0.16105769230769232 0.23076923076923078
1 0.038461538461538464 0.9459134615384616 0.07692307692307693 0.0985576923076923
1 0.4387019230769231 0.9302884615384616 0.18990384615384615 0.12980769230769232
1 0.4254807692307692 0.9783653846153846 0.1346153846153846 0.03365384615384615
1 0.7331730769230769 0.921875 0.25961538461538464 0.1466346153846154
1 0.9158653846153846 0.9375 0.16346153846153846 0.11538461538461539