0 0.3317307692307692 0.375 0.08653846153846154 0.09615384615384616
0 0.08173076923076923 0.3125 0.0985576923076923 0.10576923076923077
0 0.9519230769230769 0.3389423076923077 0.0889423076923077 0.11778846153846154
0 0.5552884615384616 0.34375 0.06490384615384616 0.08173076923076923
0 0.46875 0.34375 0.05048076923076923 0.06971153846153846
0 0.28365384615384615 0.3125 0.057692307692307696 0.07211538461538461
0 0.7548076923076923 0.3245192307692308 0.06490384615384616 0.07692307692307693
0 0.7115384615384616 0.31009615384615385 0.04567307692307692 0.06971153846153846
0 0.5096153846153846 0.29086538461538464 0.04326923076923077 0.07211538461538461
0 0.3870192307692308 0.31009615384615385 0.04567307692307692 0.06009615384615385
0 0.20673076923076922 0.2956730769230769 0.04807692307692308 0.055288461538461536
0 0.33413461538461536 0.3125 0.03365384615384615 0.04567307692307692
0 0.8701923076923077 0.3125 0.036057692307692304 0.04326923076923077
0 0.7956730769230769 0.3173076923076923 0.03365384615384615 0.04807692307692308
0 0.08173076923076923 0.037259615384615384 0.10096153846153846 0.07451923076923077
0 0.9519230769230769 0.026442307692307692 0.09134615384615384 0.052884615384615384
0 0.5552884615384616 0.015625 0.0673076923076923 0.03125
0 0.46875 0.01201923076923077 0.052884615384615384 0.02403846153846154
0 0.2848557692307692 0.028846153846153848 0.06009615384615385 0.057692307692307696
0 0.7548076923076923 0.02403846153846154 0.0673076923076923 0.04807692307692308
0 0.7115384615384616 0.028846153846153848 0.04807692307692308 0.057692307692307696
0 0.5096153846153846 0.040865384615384616 0.04326923076923077 0.07211538461538461
0 0.3870192307692308 0.026442307692307692 0.04807692307692308 0.052884615384615384
0 0.20673076923076922 0.036057692307692304 0.04807692307692308 0.055288461538461536
0 0.33533653846153844 0.021634615384615384 0.036057692307692304 0.04326923076923077
0 0.8701923076923077 0.021634615384615384 0.038461538461538464 0.04326923076923077
0 0.796875 0.020432692307692308 0.036057692307692304 0.040865384615384616