1 0.8365384615384616 0.27403846153846156 0.20432692307692307 0.20192307692307693
1 0.6706730769230769 0.2620192307692308 0.11057692307692307 0.11778846153846154
1 0.1971153846153846 0.23076923076923078 0.10576923076923077 0.1201923076923077
1 0.5697115384615384 0.28846153846153844 0.10336538461538461 0.14182692307692307
1 0.052884615384615384 0.24519230769230768 0.057692307692307696 0.07451923076923077
1 0.2980769230769231 0.23317307692307693 0.12980769230769232 0.13221153846153846
0 0.43990384615384615 0.24759615384615385 0.11057692307692307 0.1346153846153846
0 0.11538461538461539 0.24278846153846154 0.04567307692307692 0.0673076923076923
0 0.0673076923076923 0.6442307692307693 0.12980769230769232 0.20432692307692307
0 0.9399038461538461 0.28125 0.0673076923076923 0.17067307692307693
1 0.8365384615384616 0.08052884615384616 0.20673076923076922 0.16105769230769232
1 0.6706730769230769 0.06971153846153846 0.11057692307692307 0.11778846153846154
1 0.1971153846153846 0.10096153846153846 0.10576923076923077 0.1201923076923077
1 0.5697115384615384 0.057692307692307696 0.10576923076923077 0.11538461538461539
1 0.052884615384615384 0.08653846153846154 0.057692307692307696 0.07451923076923077
1 0.2980769230769231 0.0985576923076923 0.12980769230769232 0.13221153846153846
0 0.43990384615384615 0.08413461538461539 0.11057692307692307 0.1346153846153846
0 0.11538461538461539 0.0889423076923077 0.04567307692307692 0.0673076923076923
0 0.06850961538461539 0.9543269230769231 0.13221153846153846 0.08653846153846154
0 0.9411057692307693 0.06850961538461539 0.06971153846153846 0.13701923076923078