1 0.3245192307692308 0.30528846153846156 0.18509615384615385 0.18269230769230768
1 0.7956730769230769 0.21153846153846154 0.0673076923076923 0.07932692307692307
1 0.7956730769230769 0.2668269230769231 0.06971153846153846 0.06971153846153846
1 0.9615384615384616 0.25721153846153844 0.03365384615384615 0.04567307692307692
1 0.6610576923076923 0.23798076923076922 0.04567307692307692 0.05048076923076923
1 0.5697115384615384 0.24519230769230768 0.04326923076923077 0.052884615384615384
1 0.3245192307692308 0.019230769230769232 0.1875 0.038461538461538464
1 0.796875 0.039663461538461536 0.06971153846153846 0.07932692307692307
1 0.7956730769230769 0.009615384615384616 0.07211538461538461 0.019230769230769232
1 0.9627403846153846 0.008413461538461538 0.036057692307692304 0.016826923076923076
1 0.6610576923076923 0.019230769230769232 0.04807692307692308 0.038461538461538464
1 0.5709134615384616 0.016826923076923076 0.04567307692307692 0.03365384615384615