1 0.37259615384615385 0.41586538461538464 0.055288461538461536 0.07692307692307693
1 0.057692307692307696 0.42788461538461536 0.03365384615384615 0.06009615384615385
1 0.42788461538461536 0.42788461538461536 0.04326923076923077 0.0625
1 0.7379807692307693 0.41586538461538464 0.04326923076923077 0.05048076923076923
1 0.09615384615384616 0.42788461538461536 0.040865384615384616 0.04567307692307692
1 0.019230769230769232 0.4326923076923077 0.03365384615384615 0.057692307692307696
1 0.17067307692307693 0.42788461538461536 0.028846153846153848 0.04326923076923077
1 0.20192307692307693 0.4423076923076923 0.04326923076923077 0.04807692307692308
1 0.27163461538461536 0.43990384615384615 0.04326923076923077 0.04567307692307692
1 0.5072115384615384 0.42788461538461536 0.052884615384615384 0.04807692307692308
1 0.5769230769230769 0.42788461538461536 0.040865384615384616 0.04567307692307692
1 0.6658653846153846 0.4014423076923077 0.036057692307692304 0.057692307692307696
1 0.7019230769230769 0.39903846153846156 0.03125 0.057692307692307696
1 0.78125 0.4110576923076923 0.04326923076923077 0.057692307692307696