0 0.17548076923076922 0.3076923076923077 0.07451923076923077 0.09375
0 0.5384615384615384 0.3245192307692308 0.06971153846153846 0.07932692307692307
0 0.7091346153846154 0.3317307692307692 0.06490384615384616 0.07692307692307693
0 0.37740384615384615 0.3317307692307692 0.057692307692307696 0.08173076923076923
0 0.21875 0.3293269230769231 0.04567307692307692 0.06971153846153846
0 0.6706730769230769 0.3485576923076923 0.03125 0.06490384615384616
0 0.17548076923076922 0.036057692307692304 0.07692307692307693 0.07211538461538461
0 0.5384615384615384 0.02403846153846154 0.07211538461538461 0.04807692307692308
0 0.7091346153846154 0.020432692307692308 0.0673076923076923 0.040865384615384616
0 0.3786057692307692 0.021634615384615384 0.06009615384615385 0.04326923076923077
0 0.21875 0.019230769230769232 0.04807692307692308 0.038461538461538464
0 0.6706730769230769 0.008413461538461538 0.03365384615384615 0.016826923076923076