0 0.7331730769230769 0.27403846153846156 0.07932692307692307 0.07932692307692307
0 0.5889423076923077 0.29086538461538464 0.07211538461538461 0.09615384615384616
0 0.8990384615384616 0.3076923076923077 0.0985576923076923 0.12259615384615384
0 0.5096153846153846 0.30288461538461536 0.057692307692307696 0.07211538461538461
0 0.8509615384615384 0.2980769230769231 0.06490384615384616 0.10336538461538461
0 0.7235576923076923 0.3581730769230769 0.08413461538461539 0.11057692307692307
0 0.43509615384615385 0.31971153846153844 0.052884615384615384 0.0673076923076923
0 0.35096153846153844 0.31490384615384615 0.06009615384615385 0.057692307692307696
0 0.17548076923076922 0.3245192307692308 0.038461538461538464 0.06490384615384616
0 0.2692307692307692 0.3317307692307692 0.04567307692307692 0.06490384615384616
0 0.055288461538461536 0.3076923076923077 0.04807692307692308 0.057692307692307696
0 0.0985576923076923 0.33413461538461536 0.036057692307692304 0.04807692307692308
0 0.15144230769230768 0.31971153846153844 0.028846153846153848 0.055288461538461536
0 0.5673076923076923 0.3389423076923077 0.04326923076923077 0.0625
0 0.6418269230769231 0.3004807692307692 0.04326923076923077 0.07692307692307693
0 0.7331730769230769 0.057692307692307696 0.07932692307692307 0.07932692307692307
0 0.5901442307692307 0.04567307692307692 0.07451923076923077 0.09134615384615384
0 0.8990384615384616 0.04326923076923077 0.10096153846153846 0.08653846153846154
0 0.5108173076923077 0.03365384615384615 0.06009615384615385 0.0673076923076923
0 0.8509615384615384 0.04326923076923077 0.0673076923076923 0.08653846153846154
0 0.7235576923076923 0.015625 0.08653846153846154 0.03125
0 0.4362980769230769 0.02403846153846154 0.055288461538461536 0.04807692307692308
0 0.35096153846153844 0.02403846153846154 0.0625 0.04807692307692308
0 0.17668269230769232 0.020432692307692308 0.040865384615384616 0.040865384615384616
0 0.2692307692307692 0.016826923076923076 0.04807692307692308 0.03365384615384615
0 0.056490384615384616 0.027644230769230768 0.05048076923076923 0.055288461538461536
0 0.0985576923076923 0.01201923076923077 0.038461538461538464 0.02403846153846154
0 0.15264423076923078 0.020432692307692308 0.03125 0.040865384615384616
0 0.5685096153846154 0.013221153846153846 0.04567307692307692 0.026442307692307692
0 0.6430288461538461 0.036057692307692304 0.04567307692307692 0.07211538461538461