1 0.8149038461538461 0.46153846153846156 0.04807692307692308 0.0673076923076923
1 0.5769230769230769 0.43990384615384615 0.04567307692307692 0.06971153846153846
0 0.9326923076923077 0.46875 0.09615384615384616 0.12259615384615384
0 0.28365384615384615 0.46634615384615385 0.05048076923076923 0.06971153846153846
0 0.4807692307692308 0.46634615384615385 0.055288461538461536 0.0673076923076923
0 0.34375 0.46875 0.03125 0.038461538461538464
0 0.07451923076923077 0.4855769230769231 0.055288461538461536 0.055288461538461536
1 0.1778846153846154 0.47596153846153844 0.038461538461538464 0.040865384615384616
1 0.6418269230769231 0.46153846153846156 0.026442307692307692 0.04567307692307692
1 0.6658653846153846 0.4639423076923077 0.026442307692307692 0.040865384615384616
1 0.6177884615384616 0.46153846153846156 0.021634615384615384 0.040865384615384616
0 0.53125 0.4639423076923077 0.021634615384615384 0.04567307692307692
0 0.4375 0.4567307692307692 0.03125 0.036057692307692304
0 0.3870192307692308 0.47836538461538464 0.028846153846153848 0.03365384615384615