1 0.5649038461538461 0.28125 0.09615384615384616 0.125
1 0.8197115384615384 0.2980769230769231 0.10576923076923077 0.14182692307692307
1 0.5072115384615384 0.36538461538461536 0.10576923076923077 0.12980769230769232
1 0.36538461538461536 0.33413461538461536 0.10336538461538461 0.1346153846153846
1 0.6730769230769231 0.35336538461538464 0.10817307692307693 0.125
1 0.2283653846153846 0.2932692307692308 0.09375 0.12740384615384615
1 0.5661057692307693 0.057692307692307696 0.0985576923076923 0.11538461538461539
1 0.8209134615384616 0.052884615384615384 0.10817307692307693 0.10576923076923077
1 0.5084134615384616 0.016826923076923076 0.10817307692307693 0.03365384615384615
1 0.36538461538461536 0.03365384615384615 0.10576923076923077 0.0673076923076923
1 0.6730769230769231 0.021634615384615384 0.11057692307692307 0.04326923076923077
1 0.2283653846153846 0.051682692307692304 0.09615384615384616 0.10336538461538461