0 0.7908653846153846 0.2980769230769231 0.07211538461538461 0.08653846153846154
0 0.31009615384615385 0.2932692307692308 0.06971153846153846 0.08653846153846154
0 0.6201923076923077 0.2980769230769231 0.06971153846153846 0.07932692307692307
0 0.12740384615384615 0.3125 0.08173076923076923 0.09615384615384616
0 0.49038461538461536 0.29086538461538464 0.057692307692307696 0.06971153846153846
0 0.9134615384615384 0.2956730769230769 0.11778846153846154 0.125
0 0.8701923076923077 0.2764423076923077 0.07211538461538461 0.10096153846153846
0 0.4182692307692308 0.3245192307692308 0.05048076923076923 0.0625
0 0.7908653846153846 0.04326923076923077 0.07211538461538461 0.08653846153846154
0 0.31009615384615385 0.04807692307692308 0.06971153846153846 0.08653846153846154
0 0.6201923076923077 0.04326923076923077 0.06971153846153846 0.07932692307692307
0 0.12860576923076922 0.039663461538461536 0.08413461538461539 0.07932692307692307
0 0.49038461538461536 0.05048076923076923 0.057692307692307696 0.06971153846153846
0 0.9134615384615384 0.055288461538461536 0.1201923076923077 0.11057692307692307
0 0.8701923076923077 0.06490384615384616 0.07211538461538461 0.10096153846153846
0 0.4182692307692308 0.025240384615384616 0.052884615384615384 0.05048076923076923