1 0.1778846153846154 0.34615384615384615 0.07932692307692307 0.10576923076923077
1 0.75 0.3125 0.1778846153846154 0.21394230769230768
1 0.31490384615384615 0.32211538461538464 0.21153846153846154 0.25961538461538464
1 0.0625 0.3798076923076923 0.052884615384615384 0.06971153846153846
2 0.7956730769230769 0.5240384615384616 0.34615384615384615 0.6057692307692307
2 0.08413461538461539 0.4519230769230769 0.125 0.20192307692307693
2 0.18028846153846154 0.37740384615384615 0.10817307692307693 0.14903846153846154
2 0.2548076923076923 0.5192307692307693 0.3629807692307692 0.6177884615384616
1 0.1778846153846154 0.020432692307692308 0.08173076923076923 0.040865384615384616
1 0.7512019230769231 0.06370192307692307 0.18028846153846154 0.12740384615384615
1 0.3161057692307692 0.07091346153846154 0.21394230769230768 0.14182692307692307
2 0.796875 0.9158653846153846 0.3485576923076923 0.15865384615384615
2 0.18028846153846154 0.015625 0.11057692307692307 0.03125
2 0.2548076923076923 0.9146634615384616 0.36538461538461536 0.16105769230769232