0 0.9278846153846154 0.31490384615384615 0.06490384615384616 0.08173076923076923
0 0.6490384615384616 0.3245192307692308 0.07451923076923077 0.10096153846153846
0 0.8461538461538461 0.3004807692307692 0.0889423076923077 0.10817307692307693
0 0.27163461538461536 0.3076923076923077 0.09134615384615384 0.11298076923076923
0 0.7764423076923077 0.3389423076923077 0.0625 0.07932692307692307
0 0.4543269230769231 0.31009615384615385 0.07692307692307693 0.11298076923076923
0 0.5889423076923077 0.31971153846153844 0.055288461538461536 0.0985576923076923
0 0.7139423076923077 0.3389423076923077 0.052884615384615384 0.07932692307692307
0 0.06009615384615385 0.28125 0.07932692307692307 0.10576923076923077
0 0.9278846153846154 0.08413461538461539 0.06490384615384616 0.08173076923076923
0 0.6490384615384616 0.07451923076923077 0.07451923076923077 0.10096153846153846
0 0.8461538461538461 0.0985576923076923 0.0889423076923077 0.10817307692307693
0 0.27163461538461536 0.09134615384615384 0.09134615384615384 0.11298076923076923
0 0.7764423076923077 0.06009615384615385 0.0625 0.07932692307692307
0 0.4543269230769231 0.0889423076923077 0.07692307692307693 0.11298076923076923
0 0.5889423076923077 0.07932692307692307 0.055288461538461536 0.0985576923076923
0 0.7139423076923077 0.06009615384615385 0.052884615384615384 0.07932692307692307
0 0.06009615384615385 0.11778846153846154 0.07932692307692307 0.10576923076923077