1 0.1466346153846154 0.41346153846153844 0.06009615384615385 0.07932692307692307
1 0.19471153846153846 0.39903846153846156 0.052884615384615384 0.07211538461538461
1 0.23798076923076922 0.41346153846153844 0.038461538461538464 0.04567307692307692
1 0.35336538461538464 0.4182692307692308 0.04807692307692308 0.06971153846153846
1 0.4254807692307692 0.38461538461538464 0.05048076923076923 0.0625
1 0.5240384615384616 0.3918269230769231 0.052884615384615384 0.057692307692307696
1 0.5649038461538461 0.3557692307692308 0.04807692307692308 0.06009615384615385
1 0.6298076923076923 0.3317307692307692 0.04567307692307692 0.06490384615384616
1 0.6057692307692307 0.33413461538461536 0.038461538461538464 0.055288461538461536
1 0.7259615384615384 0.33413461538461536 0.055288461538461536 0.0673076923076923
1 0.7764423076923077 0.32211538461538464 0.04807692307692308 0.07451923076923077
1 0.5661057692307693 0.006009615384615385 0.05048076923076923 0.01201923076923077
1 0.6298076923076923 0.019230769230769232 0.04807692307692308 0.038461538461538464
1 0.6069711538461539 0.015625 0.040865384615384616 0.03125
1 0.7259615384615384 0.019230769230769232 0.057692307692307696 0.038461538461538464
1 0.7776442307692307 0.026442307692307692 0.05048076923076923 0.052884615384615384