0 0.49278846153846156 0.43028846153846156 0.07451923076923077 0.10576923076923077
0 0.13942307692307693 0.40865384615384615 0.07932692307692307 0.10817307692307693
0 0.40865384615384615 0.40865384615384615 0.06009615384615385 0.08653846153846154
0 0.2091346153846154 0.42788461538461536 0.06971153846153846 0.09375
0 0.5673076923076923 0.4206730769230769 0.09375 0.13221153846153846
0 0.7548076923076923 0.4423076923076923 0.14182692307692307 0.17067307692307693
0 0.057692307692307696 0.39663461538461536 0.10576923076923077 0.15865384615384615
0 0.8846153846153846 0.2668269230769231 0.20192307692307693 0.28125
0 0.3173076923076923 0.43990384615384615 0.04807692307692308 0.057692307692307696
0 0.3581730769230769 0.43028846153846156 0.040865384615384616 0.06009615384615385
0 0.8858173076923077 0.0625 0.20432692307692307 0.125