1 0.9158653846153846 0.3557692307692308 0.0673076923076923 0.08173076923076923
1 0.5961538461538461 0.37259615384615385 0.040865384615384616 0.052884615384615384
0 0.7860576923076923 0.4014423076923077 0.06490384615384616 0.07932692307692307
0 0.45913461538461536 0.3629807692307692 0.0673076923076923 0.08173076923076923
0 0.04567307692307692 0.3581730769230769 0.07932692307692307 0.09134615384615384
0 0.3557692307692308 0.3701923076923077 0.055288461538461536 0.07451923076923077
0 0.6538461538461539 0.40625 0.057692307692307696 0.07451923076923077
0 0.10817307692307693 0.38461538461538464 0.05048076923076923 0.0673076923076923
1 0.6274038461538461 0.3701923076923077 0.036057692307692304 0.055288461538461536
1 0.2283653846153846 0.35336538461538464 0.040865384615384616 0.055288461538461536
1 0.27884615384615385 0.36538461538461536 0.04326923076923077 0.057692307692307696
1 0.41586538461538464 0.33653846153846156 0.04326923076923077 0.0625
1 0.3173076923076923 0.34375 0.055288461538461536 0.0673076923076923