1 0.49759615384615385 0.39663461538461536 0.08173076923076923 0.125
1 0.057692307692307696 0.35336538461538464 0.11538461538461539 0.2091346153846154
1 0.6298076923076923 0.4326923076923077 0.11298076923076923 0.14903846153846154
1 0.8341346153846154 0.3894230769230769 0.07932692307692307 0.12259615384615384
0 0.6947115384615384 0.36778846153846156 0.08413461538461539 0.09375
0 0.23317307692307693 0.4495192307692308 0.12980769230769232 0.16105769230769232
0 0.40865384615384615 0.4014423076923077 0.08653846153846154 0.1201923076923077
0 0.9086538461538461 0.42788461538461536 0.12980769230769232 0.16105769230769232
0 0.22596153846153846 0.3870192307692308 0.07211538461538461 0.08413461538461539
1 0.3245192307692308 0.4230769230769231 0.026442307692307692 0.038461538461538464
1 0.05889423076923077 0.042067307692307696 0.11778846153846154 0.08413461538461539