1 0.30528846153846156 0.3557692307692308 0.16826923076923078 0.20192307692307693
1 0.6899038461538461 0.33653846153846156 0.1778846153846154 0.17548076923076922
1 0.5096153846153846 0.3317307692307692 0.11538461538461539 0.15384615384615385
1 0.9375 0.3581730769230769 0.021634615384615384 0.019230769230769232
2 0.21875 0.5408653846153846 0.4326923076923077 0.5625
2 0.8004807692307693 0.5408653846153846 0.3918269230769231 0.5600961538461539
2 0.5408653846153846 0.4855769230769231 0.2283653846153846 0.4423076923076923
1 0.30649038461538464 0.046875 0.17067307692307693 0.09375
1 0.6911057692307693 0.04927884615384615 0.18028846153846154 0.0985576923076923
1 0.5108173076923077 0.046875 0.11778846153846154 0.09375
2 0.21995192307692307 0.9110576923076923 0.43509615384615385 0.16826923076923078
2 0.8004807692307693 0.9110576923076923 0.3942307692307692 0.16826923076923078