1 0.49278846153846156 0.41586538461538464 0.07692307692307693 0.10336538461538461
1 0.9254807692307693 0.4375 0.09375 0.125
1 0.43990384615384615 0.43028846153846156 0.057692307692307696 0.08173076923076923
1 0.09134615384615384 0.4254807692307692 0.09134615384615384 0.10817307692307693
1 0.2403846153846154 0.40625 0.0673076923076923 0.0889423076923077
1 0.7211538461538461 0.4182692307692308 0.08173076923076923 0.11538461538461539
1 0.5336538461538461 0.4014423076923077 0.06971153846153846 0.09134615384615384
1 0.18028846153846154 0.4326923076923077 0.057692307692307696 0.06971153846153846
1 0.04567307692307692 0.44711538461538464 0.05048076923076923 0.09134615384615384
1 0.3076923076923077 0.4326923076923077 0.03125 0.055288461538461536
1 0.35096153846153844 0.43028846153846156 0.04807692307692308 0.06971153846153846
0 0.7716346153846154 0.4519230769230769 0.0625 0.07692307692307693