1 0.6346153846153846 0.45913461538461536 0.04326923076923077 0.038461538461538464
1 0.6971153846153846 0.4423076923076923 0.040865384615384616 0.038461538461538464
1 0.2548076923076923 0.21153846153846154 0.028846153846153848 0.026442307692307692
1 0.04567307692307692 0.18990384615384615 0.03365384615384615 0.03365384615384615
1 0.10336538461538461 0.1875 0.026442307692307692 0.03125
1 0.5793269230769231 0.4230769230769231 0.03365384615384615 0.03365384615384615
1 0.5865384615384616 0.3870192307692308 0.03365384615384615 0.03365384615384615
1 0.59375 0.3076923076923077 0.019230769230769232 0.03125
1 0.6442307692307693 0.37259615384615385 0.03365384615384615 0.03125
1 0.2548076923076923 0.1201923076923077 0.028846153846153848 0.026442307692307692
1 0.04567307692307692 0.14182692307692307 0.03365384615384615 0.03365384615384615
1 0.10336538461538461 0.14423076923076922 0.026442307692307692 0.03125
1 0.59375 0.02403846153846154 0.019230769230769232 0.03125