1 0.22115384615384615 0.5673076923076923 0.04326923076923077 0.04326923076923077
1 0.27884615384615385 0.5625 0.038461538461538464 0.04567307692307692
1 0.3173076923076923 0.5625 0.036057692307692304 0.038461538461538464
1 0.375 0.5649038461538461 0.036057692307692304 0.040865384615384616
1 0.43990384615384615 0.5745192307692307 0.036057692307692304 0.040865384615384616
1 0.40865384615384615 0.5552884615384616 0.03125 0.038461538461538464
1 0.5600961538461539 0.5697115384615384 0.038461538461538464 0.036057692307692304
1 0.8125 0.5649038461538461 0.052884615384615384 0.052884615384615384
1 0.7115384615384616 0.5504807692307693 0.028846153846153848 0.028846153846153848
1 0.5697115384615384 0.5240384615384616 0.028846153846153848 0.036057692307692304
1 0.22115384615384615 0.9278846153846154 0.04326923076923077 0.04326923076923077
1 0.27884615384615385 0.9326923076923077 0.038461538461538464 0.04567307692307692
1 0.3173076923076923 0.9326923076923077 0.036057692307692304 0.038461538461538464
1 0.375 0.9302884615384616 0.036057692307692304 0.040865384615384616
1 0.43990384615384615 0.9206730769230769 0.036057692307692304 0.040865384615384616
1 0.40865384615384615 0.9399038461538461 0.03125 0.038461538461538464
1 0.5600961538461539 0.9254807692307693 0.038461538461538464 0.036057692307692304
1 0.8125 0.9302884615384616 0.052884615384615384 0.052884615384615384
1 0.7115384615384616 0.9447115384615384 0.028846153846153848 0.028846153846153848
1 0.5697115384615384 0.9711538461538461 0.028846153846153848 0.036057692307692304