1 0.9038461538461539 0.31490384615384615 0.0625 0.07692307692307693
1 0.3629807692307692 0.3245192307692308 0.055288461538461536 0.07692307692307693
1 0.09134615384615384 0.3317307692307692 0.052884615384615384 0.06971153846153846
1 0.5168269230769231 0.31971153846153844 0.04807692307692308 0.07211538461538461
1 0.6802884615384616 0.3245192307692308 0.04567307692307692 0.07211538461538461
1 0.21394230769230768 0.35096153846153844 0.057692307692307696 0.0673076923076923
1 0.4543269230769231 0.34375 0.03365384615384615 0.06009615384615385
0 0.7692307692307693 0.3389423076923077 0.038461538461538464 0.057692307692307696
1 0.7163461538461539 0.34615384615384615 0.03365384615384615 0.04807692307692308
1 0.5721153846153846 0.33653846153846156 0.03365384615384615 0.052884615384615384
1 0.6009615384615384 0.34615384615384615 0.028846153846153848 0.04567307692307692
1 0.6322115384615384 0.34375 0.036057692307692304 0.055288461538461536
1 0.25240384615384615 0.33653846153846156 0.026442307692307692 0.057692307692307696
1 0.31009615384615385 0.3389423076923077 0.028846153846153848 0.040865384615384616
1 0.9050480769230769 0.028846153846153848 0.06490384615384616 0.057692307692307696
1 0.3629807692307692 0.02403846153846154 0.057692307692307696 0.04807692307692308
1 0.09254807692307693 0.018028846153846152 0.055288461538461536 0.036057692307692304
1 0.5180288461538461 0.025240384615384616 0.05048076923076923 0.05048076923076923
1 0.6802884615384616 0.02283653846153846 0.04807692307692308 0.04567307692307692
1 0.21514423076923078 0.008413461538461538 0.06009615384615385 0.016826923076923076
1 0.45552884615384615 0.009615384615384616 0.036057692307692304 0.019230769230769232
0 0.7704326923076923 0.01201923076923077 0.040865384615384616 0.02403846153846154
1 0.7175480769230769 0.006009615384615385 0.036057692307692304 0.01201923076923077
1 0.5733173076923077 0.01201923076923077 0.036057692307692304 0.02403846153846154
1 0.6021634615384616 0.004807692307692308 0.03125 0.009615384615384616
1 0.6322115384615384 0.008413461538461538 0.038461538461538464 0.016826923076923076
1 0.25240384615384615 0.013221153846153846 0.028846153846153848 0.026442307692307692
1 0.3112980769230769 0.007211538461538462 0.03125 0.014423076923076924