1 0.1658653846153846 0.3942307692307692 0.11538461538461539 0.20673076923076922
1 0.31971153846153844 0.3269230769230769 0.06971153846153846 0.10576923076923077
1 0.20192307692307693 0.3269230769230769 0.055288461538461536 0.08173076923076923
1 0.07692307692307693 0.3389423076923077 0.15144230769230768 0.34615384615384615
0 0.7307692307692307 0.3870192307692308 0.06490384615384616 0.08413461538461539
0 0.6177884615384616 0.3389423076923077 0.07211538461538461 0.09134615384615384
0 0.5432692307692307 0.34615384615384615 0.07692307692307693 0.10576923076923077
0 0.8557692307692307 0.37259615384615385 0.0673076923076923 0.08413461538461539
0 0.3942307692307692 0.2980769230769231 0.0985576923076923 0.12259615384615384
0 0.9663461538461539 0.38221153846153844 0.06009615384615385 0.07211538461538461
0 0.9158653846153846 0.37259615384615385 0.04567307692307692 0.0625
0 0.4495192307692308 0.3317307692307692 0.04567307692307692 0.08653846153846154
0 0.8413461538461539 0.33653846153846156 0.06009615384615385 0.07451923076923077
0 0.6730769230769231 0.37740384615384615 0.03365384615384615 0.055288461538461536
1 0.31971153846153844 0.027644230769230768 0.07211538461538461 0.055288461538461536
1 0.20192307692307693 0.021634615384615384 0.057692307692307696 0.04326923076923077
1 0.07692307692307693 0.08173076923076923 0.15384615384615385 0.16346153846153846
0 0.6189903846153846 0.018028846153846152 0.07451923076923077 0.036057692307692304
0 0.5444711538461539 0.018028846153846152 0.07932692307692307 0.036057692307692304
0 0.3942307692307692 0.04567307692307692 0.10096153846153846 0.09134615384615384
0 0.4495192307692308 0.020432692307692308 0.04807692307692308 0.040865384615384616
0 0.8413461538461539 0.014423076923076924 0.0625 0.028846153846153848