0 0.4639423076923077 0.31009615384615385 0.0673076923076923 0.08413461538461539
0 0.30288461538461536 0.3076923076923077 0.07211538461538461 0.09134615384615384
0 0.6947115384615384 0.30288461538461536 0.07211538461538461 0.08413461538461539
0 0.17307692307692307 0.2980769230769231 0.07932692307692307 0.09375
0 0.10096153846153846 0.3317307692307692 0.06490384615384616 0.07451923076923077
0 0.8653846153846154 0.3125 0.057692307692307696 0.08413461538461539
0 0.8413461538461539 0.30528846153846156 0.05048076923076923 0.07932692307692307
0 0.375 0.34375 0.04567307692307692 0.07451923076923077
0 0.22115384615384615 0.3485576923076923 0.036057692307692304 0.040865384615384616
0 0.43028846153846156 0.3389423076923077 0.03365384615384615 0.057692307692307696
0 0.5889423076923077 0.30528846153846156 0.052884615384615384 0.07211538461538461
0 0.6346153846153846 0.31009615384615385 0.04326923076923077 0.057692307692307696
0 0.7956730769230769 0.3245192307692308 0.03365384615384615 0.04807692307692308
0 0.055288461538461536 0.34134615384615385 0.03365384615384615 0.06971153846153846
0 0.4651442307692308 0.03245192307692308 0.06971153846153846 0.06490384615384616
0 0.30408653846153844 0.036057692307692304 0.07451923076923077 0.07211538461538461
0 0.6959134615384616 0.036057692307692304 0.07451923076923077 0.07211538461538461
0 0.17307692307692307 0.040865384615384616 0.08173076923076923 0.08173076923076923
0 0.10096153846153846 0.019230769230769232 0.0673076923076923 0.038461538461538464
0 0.8665865384615384 0.03125 0.06009615384615385 0.0625
0 0.8413461538461539 0.03365384615384615 0.052884615384615384 0.0673076923076923
0 0.375 0.013221153846153846 0.04807692307692308 0.026442307692307692
0 0.43149038461538464 0.01201923076923077 0.036057692307692304 0.02403846153846154
0 0.5901442307692307 0.03245192307692308 0.055288461538461536 0.06490384615384616
0 0.6358173076923077 0.026442307692307692 0.04567307692307692 0.052884615384615384
0 0.796875 0.016826923076923076 0.036057692307692304 0.03365384615384615
0 0.056490384615384616 0.013221153846153846 0.036057692307692304 0.026442307692307692