0 0.6923076923076923 0.43509615384615385 0.06971153846153846 0.08413461538461539
0 0.6298076923076923 0.4254807692307692 0.055288461538461536 0.0673076923076923
0 0.22115384615384615 0.42788461538461536 0.04567307692307692 0.0673076923076923
0 0.17307692307692307 0.4254807692307692 0.052884615384615384 0.06971153846153846
0 0.3918269230769231 0.44711538461538464 0.05048076923076923 0.057692307692307696
0 0.5384615384615384 0.4326923076923077 0.05048076923076923 0.06490384615384616
0 0.038461538461538464 0.46875 0.057692307692307696 0.057692307692307696
0 0.3269230769230769 0.4326923076923077 0.036057692307692304 0.04807692307692308
0 0.4519230769230769 0.4375 0.038461538461538464 0.055288461538461536
0 0.3004807692307692 0.43028846153846156 0.03125 0.04567307692307692
0 0.04807692307692308 0.4326923076923077 0.036057692307692304 0.04567307692307692