0 0.08173076923076923 0.5072115384615384 0.08173076923076923 0.0889423076923077
0 0.17307692307692307 0.5192307692307693 0.08173076923076923 0.08173076923076923
0 0.34375 0.5625 0.10096153846153846 0.11057692307692307
0 0.7259615384615384 0.5673076923076923 0.11538461538461539 0.11778846153846154
0 0.8701923076923077 0.49038461538461536 0.055288461538461536 0.06009615384615385
0 0.9230769230769231 0.46875 0.055288461538461536 0.0673076923076923
0 0.1971153846153846 0.44711538461538464 0.055288461538461536 0.052884615384615384
0 0.8197115384615384 0.5 0.06490384615384616 0.07692307692307693
0 0.03365384615384615 0.4831730769230769 0.057692307692307696 0.06971153846153846
0 0.31490384615384615 0.44471153846153844 0.04567307692307692 0.06009615384615385
0 0.40625 0.43990384615384615 0.04567307692307692 0.05048076923076923
0 0.4807692307692308 0.4326923076923077 0.03125 0.040865384615384616
0 0.5 0.41586538461538464 0.02403846153846154 0.03365384615384615
0 0.5432692307692307 0.43028846153846156 0.03125 0.04567307692307692
0 0.6802884615384616 0.4254807692307692 0.03365384615384615 0.038461538461538464
0 0.8197115384615384 0.44471153846153844 0.036057692307692304 0.03365384615384615
0 0.7620192307692307 0.4326923076923077 0.04567307692307692 0.04567307692307692