0 0.25721153846153844 0.33413461538461536 0.06490384615384616 0.07451923076923077
0 0.7091346153846154 0.3173076923076923 0.0625 0.06971153846153846
0 0.19471153846153846 0.3557692307692308 0.06971153846153846 0.08173076923076923
0 0.6081730769230769 0.31490384615384615 0.06490384615384616 0.08653846153846154
0 0.5024038461538461 0.2764423076923077 0.055288461538461536 0.07451923076923077
0 0.8798076923076923 0.3245192307692308 0.06971153846153846 0.09134615384615384
0 0.08173076923076923 0.3293269230769231 0.057692307692307696 0.07451923076923077
0 0.84375 0.28365384615384615 0.052884615384615384 0.06971153846153846
0 0.37740384615384615 0.3317307692307692 0.052884615384615384 0.07211538461538461
0 0.4326923076923077 0.3317307692307692 0.04807692307692308 0.06009615384615385
0 0.2956730769230769 0.35096153846153844 0.028846153846153848 0.057692307692307696
0 0.25721153846153844 0.013221153846153846 0.0673076923076923 0.026442307692307692
0 0.7103365384615384 0.020432692307692308 0.06490384615384616 0.040865384615384616
0 0.6081730769230769 0.026442307692307692 0.0673076923076923 0.052884615384615384
0 0.5024038461538461 0.04567307692307692 0.055288461538461536 0.07451923076923077
0 0.8798076923076923 0.02283653846153846 0.07211538461538461 0.04567307692307692
0 0.0829326923076923 0.015625 0.06009615384615385 0.03125
0 0.84375 0.038461538461538464 0.052884615384615384 0.06971153846153846
0 0.3786057692307692 0.014423076923076924 0.055288461538461536 0.028846153846153848
0 0.4338942307692308 0.010817307692307692 0.05048076923076923 0.021634615384615384