1 0.5456730769230769 0.5192307692307693 0.07211538461538461 0.08173076923076923
1 0.15384615384615385 0.4807692307692308 0.07211538461538461 0.07932692307692307
1 0.5216346153846154 0.46153846153846156 0.040865384615384616 0.038461538461538464
1 0.7427884615384616 0.46875 0.040865384615384616 0.038461538461538464
0 0.3389423076923077 0.49038461538461536 0.0625 0.055288461538461536
0 0.3942307692307692 0.46153846153846156 0.057692307692307696 0.052884615384615384
0 0.4639423076923077 0.46875 0.05048076923076923 0.04567307692307692
0 0.6418269230769231 0.47596153846153844 0.06009615384615385 0.06009615384615385
0 0.6802884615384616 0.5 0.04326923076923077 0.06009615384615385
1 0.7067307692307693 0.4375 0.036057692307692304 0.03365384615384615
0 0.6057692307692307 0.4254807692307692 0.026442307692307692 0.03365384615384615
0 0.6466346153846154 0.41346153846153844 0.028846153846153848 0.036057692307692304
0 0.6730769230769231 0.4182692307692308 0.02403846153846154 0.03125
0 0.5384615384615384 0.43509615384615385 0.028846153846153848 0.03125