0 0.8413461538461539 0.40625 0.06490384615384616 0.0889423076923077
0 0.7379807692307693 0.5144230769230769 0.07932692307692307 0.0985576923076923
0 0.2620192307692308 0.6225961538461539 0.10336538461538461 0.11538461538461539
0 0.10576923076923077 0.5697115384615384 0.0985576923076923 0.10817307692307693
0 0.6153846153846154 0.47836538461538464 0.0673076923076923 0.07451923076923077
0 0.90625 0.4567307692307692 0.0985576923076923 0.1201923076923077
0 0.21394230769230768 0.47115384615384615 0.0625 0.08173076923076923
0 0.3485576923076923 0.7235576923076923 0.1658653846153846 0.15384615384615385
0 0.0889423076923077 0.5096153846153846 0.06971153846153846 0.06971153846153846
0 0.5048076923076923 0.4831730769230769 0.06009615384615385 0.06490384615384616
0 0.3485576923076923 0.9290865384615384 0.16826923076923078 0.13221153846153846