0 0.7836538461538461 0.3293269230769231 0.07451923076923077 0.08413461538461539
0 0.22355769230769232 0.3004807692307692 0.07451923076923077 0.09615384615384616
0 0.30528846153846156 0.30528846153846156 0.06971153846153846 0.08173076923076923
0 0.1466346153846154 0.31971153846153844 0.07692307692307693 0.09375
0 0.5552884615384616 0.31971153846153844 0.06971153846153846 0.09375
0 0.39663461538461536 0.31009615384615385 0.07211538461538461 0.0889423076923077
0 0.9302884615384616 0.35096153846153844 0.06971153846153846 0.08413461538461539
0 0.6658653846153846 0.3245192307692308 0.06971153846153846 0.08653846153846154
0 0.7836538461538461 0.02283653846153846 0.07692307692307693 0.04567307692307692
0 0.22355769230769232 0.040865384615384616 0.07692307692307693 0.08173076923076923
0 0.30528846153846156 0.03485576923076923 0.07211538461538461 0.06971153846153846
0 0.14783653846153846 0.030048076923076924 0.07932692307692307 0.06009615384615385
0 0.5552884615384616 0.030048076923076924 0.07211538461538461 0.06009615384615385
0 0.39783653846153844 0.03365384615384615 0.07451923076923077 0.0673076923076923
0 0.9302884615384616 0.01201923076923077 0.07211538461538461 0.02403846153846154
0 0.6658653846153846 0.026442307692307692 0.07211538461538461 0.052884615384615384