0 0.8413461538461539 0.4855769230769231 0.06009615384615385 0.06971153846153846
0 0.5793269230769231 0.44471153846153844 0.05048076923076923 0.07692307692307693
0 0.5168269230769231 0.4495192307692308 0.04807692307692308 0.0625
0 0.13942307692307693 0.4831730769230769 0.05048076923076923 0.0625
0 0.6875 0.44471153846153844 0.05048076923076923 0.0673076923076923
0 0.7884615384615384 0.4495192307692308 0.05048076923076923 0.0673076923076923
0 0.7211538461538461 0.5192307692307693 0.052884615384615384 0.07692307692307693
0 0.38461538461538464 0.5144230769230769 0.05048076923076923 0.06971153846153846
0 0.23557692307692307 0.4855769230769231 0.04807692307692308 0.0625
0 0.7403846153846154 0.4495192307692308 0.04326923076923077 0.06009615384615385
0 0.28365384615384615 0.5072115384615384 0.05048076923076923 0.055288461538461536
0 0.8389423076923077 0.4375 0.05048076923076923 0.0625
0 0.1778846153846154 0.49759615384615385 0.04807692307692308 0.06490384615384616
0 0.3076923076923077 0.47836538461538464 0.036057692307692304 0.05048076923076923
0 0.35336538461538464 0.4807692307692308 0.036057692307692304 0.052884615384615384
0 0.3389423076923077 0.43990384615384615 0.038461538461538464 0.052884615384615384
0 0.42788461538461536 0.4519230769230769 0.04567307692307692 0.06490384615384616
0 0.46875 0.45913461538461536 0.036057692307692304 0.05048076923076923
0 0.4495192307692308 0.5120192307692307 0.04807692307692308 0.06490384615384616
0 0.5240384615384616 0.5216346153846154 0.052884615384615384 0.06971153846153846
0 0.6322115384615384 0.44471153846153844 0.04567307692307692 0.052884615384615384
0 0.6298076923076923 0.5 0.04807692307692308 0.07211538461538461