1 0.11538461538461539 0.2668269230769231 0.08413461538461539 0.08413461538461539
1 0.7163461538461539 0.3076923076923077 0.06971153846153846 0.08653846153846154
1 0.5432692307692307 0.2980769230769231 0.055288461538461536 0.06971153846153846
1 0.8798076923076923 0.25 0.0889423076923077 0.11298076923076923
1 0.4110576923076923 0.31971153846153844 0.04807692307692308 0.06971153846153846
1 0.2956730769230769 0.45913461538461536 0.0673076923076923 0.052884615384615384
1 0.3389423076923077 0.4567307692307692 0.055288461538461536 0.04326923076923077
1 0.11538461538461539 0.06490384615384616 0.08413461538461539 0.08413461538461539
1 0.7163461538461539 0.03485576923076923 0.07211538461538461 0.06971153846153846
1 0.5432692307692307 0.03485576923076923 0.057692307692307696 0.06971153846153846
1 0.8798076923076923 0.08173076923076923 0.0889423076923077 0.11298076923076923
1 0.41225961538461536 0.02403846153846154 0.05048076923076923 0.04807692307692308