0 0.27403846153846156 0.3918269230769231 0.07211538461538461 0.08413461538461539
0 0.7908653846153846 0.3701923076923077 0.07451923076923077 0.08413461538461539
0 0.17067307692307693 0.40865384615384615 0.07451923076923077 0.07932692307692307
0 0.40625 0.3870192307692308 0.06971153846153846 0.07451923076923077
0 0.6370192307692307 0.3894230769230769 0.06490384615384616 0.07692307692307693
0 0.03125 0.39903846153846156 0.05048076923076923 0.0625
0 0.9519230769230769 0.38221153846153844 0.05048076923076923 0.052884615384615384
0 0.125 0.40384615384615385 0.03365384615384615 0.05048076923076923
0 0.27403846153846156 0.04567307692307692 0.07211538461538461 0.08413461538461539
0 0.7908653846153846 0.0673076923076923 0.07451923076923077 0.08413461538461539
0 0.17067307692307693 0.03485576923076923 0.07692307692307693 0.06971153846153846
0 0.40625 0.05048076923076923 0.06971153846153846 0.07451923076923077
0 0.6370192307692307 0.04807692307692308 0.06490384615384616 0.07692307692307693
0 0.03125 0.038461538461538464 0.05048076923076923 0.0625
0 0.9519230769230769 0.055288461538461536 0.05048076923076923 0.052884615384615384
0 0.125 0.03365384615384615 0.03365384615384615 0.05048076923076923