1 0.27884615384615385 0.36778846153846156 0.06490384615384616 0.08173076923076923
1 0.8293269230769231 0.31971153846153844 0.055288461538461536 0.09615384615384616
1 0.6754807692307693 0.3125 0.10096153846153846 0.11778846153846154
0 0.46634615384615385 0.30528846153846156 0.07451923076923077 0.10336538461538461
1 0.7956730769230769 0.32211538461538464 0.036057692307692304 0.08173076923076923
1 0.5600961538461539 0.3629807692307692 0.038461538461538464 0.05048076923076923
1 0.27884615384615385 0.09375 0.06490384615384616 0.08173076923076923
1 0.8293269230769231 0.14182692307692307 0.055288461538461536 0.09615384615384616
1 0.6754807692307693 0.14903846153846154 0.10096153846153846 0.11778846153846154
0 0.46634615384615385 0.15625 0.07451923076923077 0.10336538461538461
1 0.7956730769230769 0.13942307692307693 0.036057692307692304 0.08173076923076923
1 0.5600961538461539 0.0985576923076923 0.038461538461538464 0.05048076923076923