1 0.14182692307692307 0.5625 0.16346153846153846 0.19230769230769232
1 0.24278846153846154 0.4831730769230769 0.0985576923076923 0.12980769230769232
1 0.41586538461538464 0.5048076923076923 0.057692307692307696 0.08173076923076923
1 0.39663461538461536 0.4567307692307692 0.040865384615384616 0.04326923076923077
1 0.4519230769230769 0.4519230769230769 0.05048076923076923 0.06490384615384616
1 0.5600961538461539 0.45913461538461536 0.057692307692307696 0.08173076923076923
1 0.6442307692307693 0.6706730769230769 0.2644230769230769 0.21394230769230768
1 0.7403846153846154 0.5240384615384616 0.0985576923076923 0.10576923076923077
1 0.8197115384615384 0.47836538461538464 0.09134615384615384 0.10336538461538461
1 0.9663461538461539 0.5528846153846154 0.057692307692307696 0.18269230769230768
1 0.7139423076923077 0.42788461538461536 0.057692307692307696 0.08173076923076923
1 0.6105769230769231 0.4807692307692308 0.10096153846153846 0.07932692307692307
1 0.6105769230769231 0.5769230769230769 0.16826923076923078 0.13942307692307693
1 0.6706730769230769 0.4879807692307692 0.057692307692307696 0.07932692307692307
1 0.6418269230769231 0.43028846153846156 0.0673076923076923 0.05048076923076923
1 0.14302884615384615 0.9483173076923077 0.1658653846153846 0.09375
1 0.4519230769230769 0.009615384615384616 0.052884615384615384 0.019230769230769232
1 0.5612980769230769 0.010817307692307692 0.06009615384615385 0.021634615384615384
1 0.6442307692307693 0.8894230769230769 0.2644230769230769 0.21394230769230768
1 0.9675480769230769 0.9555288461538461 0.06009615384615385 0.07932692307692307
1 0.7151442307692307 0.026442307692307692 0.06009615384615385 0.052884615384615384
1 0.6117788461538461 0.9543269230769231 0.17067307692307693 0.08173076923076923
1 0.6430288461538461 0.016826923076923076 0.06971153846153846 0.03365384615384615