1 0.04326923076923077 0.3894230769230769 0.038461538461538464 0.038461538461538464
1 0.2644230769230769 0.39903846153846156 0.038461538461538464 0.04326923076923077
1 0.84375 0.3485576923076923 0.0625 0.08173076923076923
1 0.9855769230769231 0.34375 0.021634615384615384 0.09375
1 0.6899038461538461 0.375 0.05048076923076923 0.07451923076923077
1 0.7307692307692307 0.36778846153846156 0.04567307692307692 0.0673076923076923
1 0.5889423076923077 0.3701923076923077 0.052884615384615384 0.07692307692307693
1 0.6298076923076923 0.36778846153846156 0.036057692307692304 0.0625
1 0.49278846153846156 0.3798076923076923 0.04807692307692308 0.0625
1 0.31971153846153844 0.40384615384615385 0.02403846153846154 0.038461538461538464
1 0.35096153846153844 0.4230769230769231 0.03365384615384615 0.04326923076923077
1 0.35336538461538464 0.3798076923076923 0.03125 0.04326923076923077
1 0.3918269230769231 0.40865384615384615 0.038461538461538464 0.05048076923076923
1 0.4375 0.3798076923076923 0.05048076923076923 0.0625
1 0.5336538461538461 0.37740384615384615 0.03365384615384615 0.057692307692307696
1 0.8449519230769231 0.013221153846153846 0.06490384615384616 0.026442307692307692
1 0.9855769230769231 0.018028846153846152 0.02403846153846154 0.036057692307692304