1 0.7836538461538461 0.3894230769230769 0.07451923076923077 0.08413461538461539
1 0.18990384615384615 0.4110576923076923 0.14182692307692307 0.16105769230769232
1 0.7043269230769231 0.4495192307692308 0.07692307692307693 0.09134615384615384
1 0.46634615384615385 0.43509615384615385 0.06009615384615385 0.07692307692307693
1 0.39663461538461536 0.4375 0.057692307692307696 0.0889423076923077
1 0.5432692307692307 0.40865384615384615 0.0625 0.0889423076923077
1 0.2932692307692308 0.43028846153846156 0.07692307692307693 0.10096153846153846
1 0.038461538461538464 0.38461538461538464 0.055288461538461536 0.06490384615384616
1 0.5697115384615384 0.42788461538461536 0.06490384615384616 0.09375
1 0.3269230769230769 0.40865384615384615 0.04326923076923077 0.07692307692307693
1 0.5649038461538461 0.4254807692307692 0.08173076923076923 0.10576923076923077
1 0.3557692307692308 0.4206730769230769 0.03365384615384615 0.07451923076923077