1 0.8245192307692307 0.46153846153846156 0.055288461538461536 0.0673076923076923
1 0.46153846153846156 0.4567307692307692 0.04567307692307692 0.06971153846153846
1 0.16105769230769232 0.46153846153846156 0.052884615384615384 0.07451923076923077
1 0.3125 0.4735576923076923 0.04567307692307692 0.0673076923076923
1 0.21634615384615385 0.4807692307692308 0.03365384615384615 0.04567307692307692
1 0.3485576923076923 0.46875 0.028846153846153848 0.057692307692307696
1 0.5 0.46634615384615385 0.038461538461538464 0.0625
1 0.6177884615384616 0.43990384615384615 0.05048076923076923 0.06971153846153846
1 0.6875 0.45913461538461536 0.036057692307692304 0.04807692307692308
1 0.6586538461538461 0.46634615384615385 0.028846153846153848 0.04567307692307692
1 0.7716346153846154 0.4519230769230769 0.036057692307692304 0.04807692307692308
1 0.9423076923076923 0.4567307692307692 0.038461538461538464 0.04567307692307692
1 0.8605769230769231 0.45913461538461536 0.03365384615384615 0.057692307692307696
1 0.38461538461538464 0.4567307692307692 0.04567307692307692 0.0625
1 0.5504807692307693 0.4639423076923077 0.021634615384615384 0.03365384615384615
1 0.5769230769230769 0.46634615384615385 0.026442307692307692 0.038461538461538464