0 0.6322115384615384 0.3701923076923077 0.0673076923076923 0.08173076923076923
0 0.9230769230769231 0.3557692307692308 0.13221153846153846 0.1346153846153846
0 0.24519230769230768 0.3605769230769231 0.06009615384615385 0.08413461538461539
0 0.7692307692307693 0.34375 0.0889423076923077 0.11057692307692307
0 0.4206730769230769 0.3389423076923077 0.09615384615384616 0.11538461538461539
0 0.18990384615384615 0.3004807692307692 0.09375 0.10817307692307693
0 0.5048076923076923 0.37259615384615385 0.06490384615384616 0.08173076923076923
0 0.6995192307692307 0.3918269230769231 0.057692307692307696 0.06971153846153846
0 0.5817307692307693 0.3894230769230769 0.04567307692307692 0.06009615384615385
0 0.30288461538461536 0.3870192307692308 0.04807692307692308 0.0625
0 0.12980769230769232 0.34375 0.0673076923076923 0.07451923076923077
0 0.9230769230769231 0.02283653846153846 0.1346153846153846 0.04567307692307692
0 0.7692307692307693 0.02283653846153846 0.09134615384615384 0.04567307692307692
0 0.421875 0.026442307692307692 0.0985576923076923 0.052884615384615384
0 0.18990384615384615 0.04326923076923077 0.09615384615384616 0.08653846153846154
0 0.1310096153846154 0.013221153846153846 0.06971153846153846 0.026442307692307692