1 0.18990384615384615 0.27884615384615385 0.12259615384615384 0.12980769230769232
1 0.39663461538461536 0.25240384615384615 0.10576923076923077 0.07692307692307693
1 0.5216346153846154 0.3557692307692308 0.07692307692307693 0.10096153846153846
1 0.6057692307692307 0.3605769230769231 0.08173076923076923 0.11778846153846154
1 0.6826923076923077 0.33653846153846156 0.10817307692307693 0.14903846153846154
0 0.39903846153846156 0.34375 0.16346153846153846 0.17548076923076922
0 0.7163461538461539 0.5456730769230769 0.25721153846153844 0.29086538461538464
0 0.7764423076923077 0.34615384615384615 0.13221153846153846 0.1658653846153846
1 0.18990384615384615 0.06009615384615385 0.125 0.1201923076923077
1 0.39663461538461536 0.07932692307692307 0.10576923076923077 0.07692307692307693
1 0.5228365384615384 0.014423076923076924 0.07932692307692307 0.028846153846153848
1 0.6069711538461539 0.015625 0.08413461538461539 0.03125
1 0.6826923076923077 0.036057692307692304 0.11057692307692307 0.07211538461538461
0 0.40024038461538464 0.038461538461538464 0.1658653846153846 0.07692307692307693
0 0.7764423076923077 0.03485576923076923 0.1346153846153846 0.06971153846153846