0 0.18990384615384615 0.5985576923076923 0.07932692307692307 0.09615384615384616
0 0.7235576923076923 0.2548076923076923 0.10336538461538461 0.11298076923076923
0 0.3557692307692308 0.6274038461538461 0.07451923076923077 0.08413461538461539
0 0.125 0.5841346153846154 0.052884615384615384 0.07211538461538461
0 0.6081730769230769 0.6129807692307693 0.06009615384615385 0.0673076923076923
0 0.23557692307692307 0.5865384615384616 0.03365384615384615 0.057692307692307696
0 0.019230769230769232 0.5745192307692307 0.03125 0.07211538461538461
0 0.4206730769230769 0.6009615384615384 0.040865384615384616 0.057692307692307696
0 0.4831730769230769 0.5985576923076923 0.04567307692307692 0.0625
0 0.5432692307692307 0.6153846153846154 0.04326923076923077 0.055288461538461536
0 0.30288461538461536 0.5985576923076923 0.040865384615384616 0.04807692307692308
0 0.7235576923076923 0.07692307692307693 0.10336538461538461 0.11298076923076923