1 0.3798076923076923 0.3605769230769231 0.11538461538461539 0.14182692307692307
1 0.13701923076923078 0.3485576923076923 0.07692307692307693 0.08173076923076923
1 0.23317307692307693 0.34375 0.09615384615384616 0.0985576923076923
1 0.49759615384615385 0.2956730769230769 0.04567307692307692 0.057692307692307696
1 0.8725961538461539 0.4110576923076923 0.16826923076923078 0.20432692307692307
1 0.6057692307692307 0.3245192307692308 0.04807692307692308 0.04567307692307692
1 0.9206730769230769 0.2860576923076923 0.03365384615384615 0.03365384615384615
1 0.38100961538461536 0.021634615384615384 0.11778846153846154 0.04326923076923077
1 0.13822115384615385 0.013221153846153846 0.07932692307692307 0.026442307692307692
1 0.234375 0.019230769230769232 0.0985576923076923 0.038461538461538464
1 0.49759615384615385 0.036057692307692304 0.04567307692307692 0.057692307692307696
1 0.6069711538461539 0.015625 0.05048076923076923 0.03125
1 0.9206730769230769 0.04567307692307692 0.03365384615384615 0.03365384615384615