0 0.8509615384615384 0.34375 0.055288461538461536 0.06490384615384616
0 0.7067307692307693 0.3557692307692308 0.040865384615384616 0.06009615384615385
0 0.021634615384615384 0.36538461538461536 0.026442307692307692 0.040865384615384616
0 0.06971153846153846 0.3485576923076923 0.03125 0.040865384615384616
0 0.12980769230769232 0.35096153846153844 0.04807692307692308 0.057692307692307696
0 0.1875 0.35096153846153844 0.02403846153846154 0.040865384615384616
0 0.21394230769230768 0.34134615384615385 0.04326923076923077 0.057692307692307696
0 0.27163461538461536 0.3557692307692308 0.04326923076923077 0.0673076923076923
0 0.36778846153846156 0.3629807692307692 0.038461538461538464 0.04326923076923077
0 0.4230769230769231 0.35096153846153844 0.036057692307692304 0.04567307692307692
0 0.46875 0.36538461538461536 0.040865384615384616 0.05048076923076923
0 0.5048076923076923 0.3581730769230769 0.040865384615384616 0.055288461538461536
0 0.5360576923076923 0.3557692307692308 0.036057692307692304 0.04567307692307692
0 0.5793269230769231 0.3629807692307692 0.040865384615384616 0.057692307692307696