1 0.2980769230769231 0.5360576923076923 0.0625 0.08413461538461539
1 0.7980769230769231 0.37740384615384615 0.15144230769230768 0.19230769230769232
1 0.19951923076923078 0.5649038461538461 0.04807692307692308 0.06009615384615385
1 0.4495192307692308 0.46875 0.09134615384615384 0.12740384615384615
1 0.14182692307692307 0.5913461538461539 0.038461538461538464 0.04326923076923077
1 0.11057692307692307 0.5889423076923077 0.03125 0.03125
1 0.08173076923076923 0.5913461538461539 0.02403846153846154 0.028846153846153848
1 0.29927884615384615 0.9807692307692307 0.06490384615384616 0.028846153846153848
1 0.7980769230769231 0.08653846153846154 0.15384615384615385 0.17307692307692307
1 0.20072115384615385 0.9723557692307693 0.05048076923076923 0.04567307692307692
1 0.45072115384615385 0.02403846153846154 0.09375 0.04807692307692308
1 0.14182692307692307 0.9543269230769231 0.038461538461538464 0.04326923076923077
1 0.11057692307692307 0.9567307692307693 0.03125 0.03125
1 0.08173076923076923 0.9543269230769231 0.02403846153846154 0.028846153846153848