1 0.1875 0.4639423076923077 0.05048076923076923 0.06971153846153846
1 0.125 0.47836538461538464 0.036057692307692304 0.04807692307692308
1 0.3245192307692308 0.4807692307692308 0.0625 0.07932692307692307
1 0.36778846153846156 0.4543269230769231 0.05048076923076923 0.0625
1 0.4807692307692308 0.46875 0.038461538461538464 0.05048076923076923
1 0.5240384615384616 0.46634615384615385 0.04567307692307692 0.06009615384615385
1 0.5649038461538461 0.4567307692307692 0.036057692307692304 0.04807692307692308
1 0.6105769230769231 0.4543269230769231 0.0625 0.07451923076923077
1 0.7307692307692307 0.44471153846153844 0.06971153846153846 0.07932692307692307
1 0.7764423076923077 0.4567307692307692 0.038461538461538464 0.05048076923076923
1 0.84375 0.4519230769230769 0.03365384615384615 0.052884615384615384
1 0.8846153846153846 0.4423076923076923 0.04567307692307692 0.06490384615384616
1 0.9495192307692307 0.44711538461538464 0.06009615384615385 0.06971153846153846
1 0.9879807692307693 0.44471153846153844 0.016826923076923076 0.052884615384615384