1 0.7548076923076923 0.3125 0.07692307692307693 0.10576923076923077
1 0.6033653846153846 0.35096153846153844 0.057692307692307696 0.06971153846153846
1 0.21394230769230768 0.3317307692307692 0.057692307692307696 0.07932692307692307
0 0.47596153846153844 0.33653846153846156 0.06971153846153846 0.0985576923076923
0 0.2932692307692308 0.3485576923076923 0.057692307692307696 0.09615384615384616
0 0.3894230769230769 0.3317307692307692 0.04567307692307692 0.06971153846153846
0 0.8221153846153846 0.34615384615384615 0.04807692307692308 0.06009615384615385
0 0.9350961538461539 0.3605769230769231 0.02403846153846154 0.03365384615384615
1 0.9230769230769231 0.3605769230769231 0.014423076923076924 0.03125
1 0.7560096153846154 0.037259615384615384 0.07932692307692307 0.07451923076923077
1 0.6045673076923077 0.008413461538461538 0.06009615384615385 0.016826923076923076
1 0.21514423076923078 0.020432692307692308 0.06009615384615385 0.040865384615384616
0 0.47596153846153844 0.02283653846153846 0.07211538461538461 0.04567307692307692
0 0.29447115384615385 0.016826923076923076 0.06009615384615385 0.03365384615384615
0 0.3894230769230769 0.018028846153846152 0.04807692307692308 0.036057692307692304
0 0.8233173076923077 0.008413461538461538 0.05048076923076923 0.016826923076923076