1 0.31490384615384615 0.3918269230769231 0.04326923076923077 0.057692307692307696
1 0.8341346153846154 0.3581730769230769 0.10576923076923077 0.14182692307692307
1 0.49278846153846156 0.3798076923076923 0.04326923076923077 0.05048076923076923
1 0.5841346153846154 0.3581730769230769 0.07932692307692307 0.10336538461538461
1 0.53125 0.36778846153846156 0.04807692307692308 0.07211538461538461
1 0.6850961538461539 0.39663461538461536 0.07932692307692307 0.07692307692307693
1 0.9326923076923077 0.37740384615384615 0.05048076923076923 0.0625
1 0.8942307692307693 0.38461538461538464 0.04567307692307692 0.06490384615384616
0 0.37259615384615385 0.3798076923076923 0.057692307692307696 0.07692307692307693
1 0.8353365384615384 0.02283653846153846 0.10817307692307693 0.04567307692307692
1 0.5841346153846154 0.013221153846153846 0.08173076923076923 0.026442307692307692