1 0.3389423076923077 0.3173076923076923 0.1466346153846154 0.1778846153846154
1 0.75 0.4182692307692308 0.0673076923076923 0.07932692307692307
1 0.4519230769230769 0.4519230769230769 0.0673076923076923 0.08413461538461539
1 0.6730769230769231 0.49038461538461536 0.055288461538461536 0.06971153846153846
1 0.11298076923076923 0.49038461538461536 0.040865384615384616 0.05048076923076923
1 0.5288461538461539 0.5048076923076923 0.038461538461538464 0.04567307692307692
1 0.6201923076923077 0.5096153846153846 0.03365384615384615 0.038461538461538464
2 0.12740384615384615 0.5841346153846154 0.11778846153846154 0.23798076923076922
2 0.8028846153846154 0.6057692307692307 0.1778846153846154 0.44711538461538464
2 0.6778846153846154 0.6057692307692307 0.08653846153846154 0.30288461538461536
2 0.6177884615384616 0.5745192307692307 0.05048076923076923 0.1658653846153846
2 0.5288461538461539 0.6033653846153846 0.06971153846153846 0.23798076923076922
2 0.4519230769230769 0.6201923076923077 0.09615384615384616 0.4206730769230769
2 0.2956730769230769 0.5240384615384616 0.23798076923076922 0.6057692307692307
1 0.3389423076923077 0.05048076923076923 0.14903846153846154 0.10096153846153846
2 0.8040865384615384 0.9170673076923077 0.18028846153846154 0.16105769230769232
2 0.6790865384615384 0.953125 0.0889423076923077 0.0889423076923077
2 0.5288461538461539 0.9699519230769231 0.07211538461538461 0.055288461538461536
2 0.453125 0.9158653846153846 0.0985576923076923 0.16346153846153846
2 0.2956730769230769 0.9182692307692307 0.2403846153846154 0.15865384615384615