0 0.6009615384615384 0.3269230769230769 0.0673076923076923 0.07451923076923077
0 0.10817307692307693 0.3870192307692308 0.12980769230769232 0.13942307692307693
0 0.9399038461538461 0.3389423076923077 0.0625 0.0625
0 0.8052884615384616 0.3317307692307692 0.04807692307692308 0.057692307692307696
0 0.8629807692307693 0.3389423076923077 0.04567307692307692 0.052884615384615384
0 0.4326923076923077 0.3581730769230769 0.04567307692307692 0.057692307692307696
0 0.7091346153846154 0.3389423076923077 0.040865384615384616 0.05048076923076923
0 0.23317307692307693 0.35336538461538464 0.04326923076923077 0.05048076923076923
0 0.31971153846153844 0.3581730769230769 0.04807692307692308 0.057692307692307696
0 0.6466346153846154 0.35336538461538464 0.03365384615384615 0.04807692307692308
0 0.6009615384615384 0.052884615384615384 0.0673076923076923 0.07451923076923077
0 0.109375 0.03245192307692308 0.13221153846153846 0.06490384615384616
0 0.9399038461538461 0.040865384615384616 0.0625 0.0625
0 0.8052884615384616 0.04807692307692308 0.04807692307692308 0.057692307692307696
0 0.8629807692307693 0.040865384615384616 0.04567307692307692 0.052884615384615384
0 0.4326923076923077 0.026442307692307692 0.04807692307692308 0.052884615384615384
0 0.7091346153846154 0.040865384615384616 0.040865384615384616 0.05048076923076923
0 0.23317307692307693 0.026442307692307692 0.04326923076923077 0.05048076923076923
0 0.32091346153846156 0.026442307692307692 0.05048076923076923 0.052884615384615384
0 0.6466346153846154 0.026442307692307692 0.03365384615384615 0.04807692307692308