1 0.4639423076923077 0.4639423076923077 0.028846153846153848 0.038461538461538464
1 0.14182692307692307 0.4423076923076923 0.055288461538461536 0.06971153846153846
1 0.08653846153846154 0.46153846153846156 0.028846153846153848 0.03125
1 0.18509615384615385 0.46153846153846156 0.028846153846153848 0.04807692307692308
1 0.27884615384615385 0.42788461538461536 0.05048076923076923 0.07451923076923077
1 0.3557692307692308 0.47836538461538464 0.038461538461538464 0.057692307692307696
1 0.38461538461538464 0.45913461538461536 0.026442307692307692 0.03365384615384615
1 0.5192307692307693 0.46634615384615385 0.028846153846153848 0.040865384615384616
1 0.5552884615384616 0.44471153846153844 0.04807692307692308 0.0673076923076923
1 0.6514423076923077 0.46875 0.036057692307692304 0.052884615384615384
1 0.75 0.4375 0.05048076923076923 0.0625
1 0.8653846153846154 0.45913461538461536 0.052884615384615384 0.06971153846153846