1 0.6177884615384616 0.3389423076923077 0.09375 0.10576923076923077
1 0.8894230769230769 0.34134615384615385 0.11778846153846154 0.12980769230769232
0 0.34375 0.37259615384615385 0.07932692307692307 0.09375
2 0.3173076923076923 0.5384615384615384 0.31490384615384615 0.4254807692307692
2 0.5120192307692307 0.5384615384615384 0.3629807692307692 0.4855769230769231
2 0.7572115384615384 0.5456730769230769 0.47596153846153844 0.5192307692307693
1 0.6177884615384616 0.04807692307692308 0.09615384615384616 0.09615384615384616
1 0.8894230769230769 0.052884615384615384 0.1201923076923077 0.10576923076923077
0 0.34375 0.027644230769230768 0.08173076923076923 0.055288461538461536
2 0.3173076923076923 0.9290865384615384 0.3173076923076923 0.13221153846153846
2 0.5120192307692307 0.9146634615384616 0.36538461538461536 0.16105769230769232
2 0.7584134615384616 0.9026442307692307 0.47836538461538464 0.18509615384615385