1 0.25961538461538464 0.40384615384615385 0.08173076923076923 0.0985576923076923
1 0.7932692307692307 0.3629807692307692 0.06971153846153846 0.07211538461538461
1 0.40384615384615385 0.34375 0.05048076923076923 0.07451923076923077
1 0.08413461538461539 0.30288461538461536 0.04567307692307692 0.06490384615384616
2 0.07692307692307693 0.4206730769230769 0.11778846153846154 0.33413461538461536
2 0.27163461538461536 0.5432692307692307 0.31490384615384615 0.3894230769230769
2 0.38221153846153844 0.47836538461538464 0.10576923076923077 0.3605769230769231
2 0.7932692307692307 0.5528846153846154 0.24759615384615385 0.4543269230769231
1 0.40384615384615385 0.015625 0.052884615384615384 0.03125
1 0.08413461538461539 0.03365384615384615 0.04567307692307692 0.06490384615384616
2 0.07692307692307693 0.042067307692307696 0.1201923076923077 0.08413461538461539
2 0.7932692307692307 0.9362980769230769 0.25 0.11778846153846154