0 0.5721153846153846 0.3942307692307692 0.06971153846153846 0.09134615384615384
0 0.7884615384615384 0.4110576923076923 0.07692307692307693 0.09375
0 0.3293269230769231 0.4519230769230769 0.07932692307692307 0.08653846153846154
0 0.0889423076923077 0.4543269230769231 0.06971153846153846 0.08413461538461539
0 0.9086538461538461 0.4495192307692308 0.10336538461538461 0.11778846153846154
0 0.5120192307692307 0.4230769230769231 0.04807692307692308 0.06971153846153846
0 0.6466346153846154 0.42788461538461536 0.05048076923076923 0.0625
0 0.3125 0.4182692307692308 0.057692307692307696 0.0625
0 0.026442307692307692 0.4543269230769231 0.040865384615384616 0.055288461538461536
0 0.23317307692307693 0.45913461538461536 0.026442307692307692 0.03365384615384615
0 0.5721153846153846 0.019230769230769232 0.07211538461538461 0.038461538461538464
0 0.7896634615384616 0.010817307692307692 0.07932692307692307 0.021634615384615384