1 0.01201923076923077 0.4495192307692308 0.021634615384615384 0.06971153846153846
1 0.4567307692307692 0.4519230769230769 0.06490384615384616 0.08413461538461539
1 0.25961538461538464 0.4206730769230769 0.0673076923076923 0.08413461538461539
1 0.15144230769230768 0.44471153846153844 0.07211538461538461 0.08173076923076923
1 0.10096153846153846 0.43509615384615385 0.0625 0.07692307692307693
1 0.1778846153846154 0.43028846153846156 0.036057692307692304 0.06490384615384616
1 0.33653846153846156 0.4230769230769231 0.07211538461538461 0.0673076923076923
1 0.37740384615384615 0.4326923076923077 0.04326923076923077 0.0673076923076923
1 0.5168269230769231 0.43990384615384615 0.055288461538461536 0.06971153846153846
1 0.5889423076923077 0.4495192307692308 0.07692307692307693 0.06971153846153846
1 0.6466346153846154 0.43509615384615385 0.057692307692307696 0.06009615384615385
1 0.7115384615384616 0.44471153846153844 0.052884615384615384 0.07451923076923077
1 0.7668269230769231 0.46153846153846156 0.057692307692307696 0.0625
1 0.8125 0.4639423076923077 0.04567307692307692 0.055288461538461536
1 0.8677884615384616 0.4543269230769231 0.05048076923076923 0.057692307692307696
1 0.9375 0.46875 0.057692307692307696 0.0673076923076923
1 0.9711538461538461 0.46875 0.026442307692307692 0.052884615384615384