0 0.14182692307692307 0.38461538461538464 0.20432692307692307 0.2403846153846154
0 0.8581730769230769 0.3798076923076923 0.06009615384615385 0.07451923076923077
0 0.6899038461538461 0.38461538461538464 0.04567307692307692 0.07211538461538461
0 0.021634615384615384 0.37740384615384615 0.03365384615384615 0.06009615384615385
0 0.2932692307692308 0.4014423076923077 0.04326923076923077 0.0625
0 0.3389423076923077 0.3894230769230769 0.03365384615384615 0.04326923076923077
0 0.3701923076923077 0.39903846153846156 0.028846153846153848 0.038461538461538464
0 0.39663461538461536 0.38221153846153844 0.028846153846153848 0.04326923076923077
0 0.4423076923076923 0.3918269230769231 0.038461538461538464 0.052884615384615384
0 0.5072115384615384 0.3870192307692308 0.026442307692307692 0.03365384615384615
0 0.5576923076923077 0.3870192307692308 0.036057692307692304 0.04567307692307692
0 0.6081730769230769 0.39903846153846156 0.026442307692307692 0.03125
0 0.6490384615384616 0.39903846153846156 0.038461538461538464 0.04807692307692308
0 0.7331730769230769 0.40865384615384615 0.03365384615384615 0.040865384615384616
0 0.7716346153846154 0.40625 0.028846153846153848 0.03365384615384615
0 0.9182692307692307 0.3918269230769231 0.036057692307692304 0.04807692307692308
0 0.14182692307692307 0.03485576923076923 0.20673076923076922 0.06971153846153846