1 0.8701923076923077 0.33653846153846156 0.08173076923076923 0.09375
1 0.9663461538461539 0.31971153846153844 0.055288461538461536 0.11538461538461539
0 0.6442307692307693 0.35096153846153844 0.07211538461538461 0.08173076923076923
0 0.20192307692307693 0.3004807692307692 0.10336538461538461 0.1201923076923077
0 0.31971153846153844 0.3557692307692308 0.0625 0.08173076923076923
0 0.44471153846153844 0.33653846153846156 0.052884615384615384 0.06971153846153846
1 0.7211538461538461 0.34375 0.05048076923076923 0.07932692307692307
1 0.8713942307692307 0.021634615384615384 0.08413461538461539 0.04326923076923077
1 0.9663461538461539 0.036057692307692304 0.057692307692307696 0.07211538461538461
0 0.6454326923076923 0.01201923076923077 0.07451923076923077 0.02403846153846154
0 0.20192307692307693 0.046875 0.10576923076923077 0.09375
0 0.32091346153846156 0.009615384615384616 0.06490384615384616 0.019230769230769232
0 0.44591346153846156 0.015625 0.055288461538461536 0.03125
1 0.7211538461538461 0.014423076923076924 0.052884615384615384 0.028846153846153848