1 0.04326923076923077 0.40625 0.06971153846153846 0.08173076923076923
1 0.6009615384615384 0.40384615384615385 0.057692307692307696 0.08173076923076923
1 0.8485576923076923 0.3125 0.14423076923076922 0.1778846153846154
1 0.28125 0.4110576923076923 0.057692307692307696 0.07211538461538461
1 0.09615384615384616 0.4230769230769231 0.05048076923076923 0.0625
1 0.14182692307692307 0.4182692307692308 0.04567307692307692 0.0625
1 0.4807692307692308 0.42788461538461536 0.052884615384615384 0.06490384615384616
1 0.375 0.42788461538461536 0.04567307692307692 0.0625
1 0.23076923076923078 0.4326923076923077 0.040865384615384616 0.052884615384615384
1 0.5456730769230769 0.4423076923076923 0.036057692307692304 0.04326923076923077
1 0.6658653846153846 0.43509615384615385 0.040865384615384616 0.057692307692307696
1 0.8497596153846154 0.055288461538461536 0.1466346153846154 0.11057692307692307