1 0.8052884615384616 0.5096153846153846 0.026442307692307692 0.03365384615384615
1 0.7716346153846154 0.5240384615384616 0.02403846153846154 0.028846153846153848
1 0.6995192307692307 0.5144230769230769 0.02403846153846154 0.028846153846153848
1 0.6009615384615384 0.5168269230769231 0.02403846153846154 0.02403846153846154
1 0.5793269230769231 0.5192307692307693 0.016826923076923076 0.02403846153846154
1 0.46634615384615385 0.5144230769230769 0.02403846153846154 0.028846153846153848
1 0.40384615384615385 0.53125 0.038461538461538464 0.052884615384615384
1 0.3870192307692308 0.5216346153846154 0.028846153846153848 0.04807692307692308
1 0.36778846153846156 0.5096153846153846 0.019230769230769232 0.028846153846153848
1 0.34375 0.5168269230769231 0.019230769230769232 0.02403846153846154
1 0.8653846153846154 0.5096153846153846 0.026442307692307692 0.03365384615384615
1 0.8990384615384616 0.5240384615384616 0.02403846153846154 0.028846153846153848
1 0.9711538461538461 0.5144230769230769 0.02403846153846154 0.028846153846153848