0 0.8894230769230769 0.3629807692307692 0.09375 0.09375
0 0.12259615384615384 0.3269230769230769 0.12259615384615384 0.12980769230769232
0 0.4206730769230769 0.4326923076923077 0.0673076923076923 0.0889423076923077
0 0.7307692307692307 0.4182692307692308 0.057692307692307696 0.07451923076923077
0 0.16826923076923078 0.4326923076923077 0.055288461538461536 0.06971153846153846
0 0.30528846153846156 0.43509615384615385 0.04567307692307692 0.06490384615384616
0 0.34375 0.44711538461538464 0.03365384615384615 0.04807692307692308
0 0.4567307692307692 0.4423076923076923 0.03365384615384615 0.052884615384615384
0 0.5168269230769231 0.4735576923076923 0.038461538461538464 0.05048076923076923
0 0.3798076923076923 0.4567307692307692 0.026442307692307692 0.04807692307692308
0 0.12259615384615384 0.036057692307692304 0.125 0.07211538461538461