1 0.33653846153846156 0.5072115384615384 0.04326923076923077 0.04567307692307692
1 0.6899038461538461 0.5072115384615384 0.05048076923076923 0.0625
0 0.038461538461538464 0.47596153846153844 0.07451923076923077 0.10817307692307693
0 0.09134615384615384 0.49278846153846156 0.057692307692307696 0.07692307692307693
0 0.2091346153846154 0.4519230769230769 0.08173076923076923 0.10336538461538461
0 0.3918269230769231 0.4855769230769231 0.07932692307692307 0.09134615384615384
0 0.4879807692307692 0.49278846153846156 0.057692307692307696 0.07451923076923077
0 0.5817307692307693 0.5096153846153846 0.040865384615384616 0.057692307692307696
0 0.6442307692307693 0.5168269230769231 0.07932692307692307 0.09615384615384616
0 0.7980769230769231 0.4735576923076923 0.10576923076923077 0.125
0 0.8918269230769231 0.5120192307692307 0.09134615384615384 0.11298076923076923
0 0.96875 0.5048076923076923 0.055288461538461536 0.06490384615384616