1 0.47596153846153844 0.49759615384615385 0.11778846153846154 0.10576923076923077
1 0.39663461538461536 0.38221153846153844 0.08173076923076923 0.07932692307692307
1 0.8365384615384616 0.4495192307692308 0.06009615384615385 0.07932692307692307
1 0.6298076923076923 0.5769230769230769 0.14182692307692307 0.125
1 0.7427884615384616 0.47836538461538464 0.06971153846153846 0.07451923076923077
1 0.4879807692307692 0.4519230769230769 0.09375 0.055288461538461536
1 0.2668269230769231 0.4014423076923077 0.0673076923076923 0.0625
2 0.7836538461538461 0.5528846153846154 0.1658653846153846 0.28846153846153844
2 0.6875 0.49759615384615385 0.19471153846153846 0.1346153846153846
2 0.5480769230769231 0.6634615384615384 0.3557692307692308 0.2620192307692308
2 0.23557692307692307 0.5697115384615384 0.14182692307692307 0.4206730769230769
2 0.3629807692307692 0.5408653846153846 0.11298076923076923 0.40384615384615385
2 0.4567307692307692 0.6081730769230769 0.16826923076923078 0.3173076923076923
2 0.5492788461538461 0.9290865384615384 0.3581730769230769 0.13221153846153846
2 0.23557692307692307 0.9362980769230769 0.14423076923076922 0.11778846153846154
2 0.3629807692307692 0.9555288461538461 0.11538461538461539 0.07932692307692307
2 0.4579326923076923 0.9435096153846154 0.17067307692307693 0.10336538461538461