1 0.014423076923076924 0.5456730769230769 0.026442307692307692 0.04326923076923077
1 0.06490384615384616 0.5456730769230769 0.038461538461538464 0.040865384615384616
1 0.12259615384615384 0.5961538461538461 0.04567307692307692 0.04567307692307692
1 0.46153846153846156 0.5288461538461539 0.04326923076923077 0.052884615384615384
1 0.3701923076923077 0.5697115384615384 0.03365384615384615 0.040865384615384616
1 0.23798076923076922 0.5456730769230769 0.03125 0.03365384615384615
1 0.17067307692307693 0.5673076923076923 0.03125 0.04326923076923077
1 0.8125 0.6129807692307693 0.038461538461538464 0.040865384615384616
1 0.8822115384615384 0.46634615384615385 0.03365384615384615 0.038461538461538464
1 0.7764423076923077 0.4855769230769231 0.040865384615384616 0.040865384615384616
1 0.6899038461538461 0.5120192307692307 0.03365384615384615 0.04326923076923077
1 0.5625 0.5216346153846154 0.04807692307692308 0.05048076923076923
1 0.5288461538461539 0.5240384615384616 0.036057692307692304 0.04567307692307692
1 0.14903846153846154 0.5360576923076923 0.028846153846153848 0.038461538461538464
1 0.19230769230769232 0.5336538461538461 0.03125 0.036057692307692304
1 0.21153846153846154 0.5456730769230769 0.03365384615384615 0.040865384615384616
0 0.40865384615384615 0.5721153846153846 0.028846153846153848 0.036057692307692304
0 0.625 0.5072115384615384 0.040865384615384616 0.04567307692307692