1 0.2620192307692308 0.3245192307692308 0.1778846153846154 0.1466346153846154
1 0.7908653846153846 0.3557692307692308 0.23076923076923078 0.19471153846153846
1 0.5144230769230769 0.4182692307692308 0.07932692307692307 0.0625
1 0.5600961538461539 0.39903846153846156 0.057692307692307696 0.052884615384615384
2 0.19230769230769232 0.4831730769230769 0.38221153846153844 0.46153846153846156
2 0.7860576923076923 0.49759615384615385 0.40865384615384615 0.49038461538461536
2 0.5865384615384616 0.53125 0.22596153846153846 0.27884615384615385
1 0.2620192307692308 0.17548076923076922 0.1778846153846154 0.1466346153846154
1 0.7908653846153846 0.14423076923076922 0.23076923076923078 0.19471153846153846
1 0.5144230769230769 0.08173076923076923 0.07932692307692307 0.0625
1 0.5600961538461539 0.10096153846153846 0.057692307692307696 0.052884615384615384
2 0.19230769230769232 0.125 0.38461538461538464 0.25
2 0.19230769230769232 0.8918269230769231 0.38461538461538464 0.21153846153846154
2 0.7872596153846154 0.125 0.4110576923076923 0.25
2 0.7872596153846154 0.8774038461538461 0.4110576923076923 0.2403846153846154
2 0.5877403846153846 0.055288461538461536 0.2283653846153846 0.11057692307692307
2 0.5877403846153846 0.9134615384615384 0.2283653846153846 0.16826923076923078