1 0.65625 0.5096153846153846 0.13942307692307693 0.12980769230769232
1 0.9014423076923077 0.35096153846153844 0.18990384615384615 0.22115384615384615
1 0.038461538461538464 0.25961538461538464 0.04567307692307692 0.052884615384615384
1 0.33413461538461536 0.4543269230769231 0.04326923076923077 0.055288461538461536
1 0.4206730769230769 0.44471153846153844 0.036057692307692304 0.04807692307692308
1 0.5072115384615384 0.44711538461538464 0.04567307692307692 0.055288461538461536
1 0.5817307692307693 0.4423076923076923 0.03365384615384615 0.04567307692307692
1 0.15384615384615385 0.2283653846153846 0.038461538461538464 0.04567307692307692
1 0.25961538461538464 0.28365384615384615 0.052884615384615384 0.057692307692307696
1 0.9014423076923077 0.04447115384615385 0.19230769230769232 0.0889423076923077
1 0.038461538461538464 0.0673076923076923 0.04567307692307692 0.052884615384615384
1 0.15384615384615385 0.0985576923076923 0.038461538461538464 0.04567307692307692
1 0.25961538461538464 0.04326923076923077 0.052884615384615384 0.057692307692307696