1 0.2283653846153846 0.25721153846153844 0.08173076923076923 0.10336538461538461
1 0.43509615384615385 0.5 0.055288461538461536 0.06971153846153846
1 0.5384615384615384 0.3173076923076923 0.057692307692307696 0.07451923076923077
1 0.3076923076923077 0.31490384615384615 0.057692307692307696 0.06971153846153846
1 0.40625 0.2668269230769231 0.04567307692307692 0.07211538461538461
1 0.7427884615384616 0.41346153846153844 0.026442307692307692 0.04326923076923077
1 0.8076923076923077 0.41586538461538464 0.026442307692307692 0.036057692307692304
1 0.2283653846153846 0.07451923076923077 0.08173076923076923 0.10336538461538461
1 0.5396634615384616 0.026442307692307692 0.06009615384615385 0.052884615384615384
1 0.3088942307692308 0.026442307692307692 0.06009615384615385 0.052884615384615384
1 0.40625 0.06490384615384616 0.04567307692307692 0.07211538461538461