1 0.8365384615384616 0.2548076923076923 0.11778846153846154 0.13942307692307693
1 0.6971153846153846 0.2956730769230769 0.09375 0.10336538461538461
0 0.5096153846153846 0.3004807692307692 0.07451923076923077 0.08173076923076923
0 0.13942307692307693 0.27884615384615385 0.12980769230769232 0.13942307692307693
0 0.3557692307692308 0.25721153846153844 0.07932692307692307 0.10336538461538461
0 0.9278846153846154 0.2764423076923077 0.07932692307692307 0.07211538461538461
0 0.20673076923076922 0.2956730769230769 0.05048076923076923 0.09615384615384616
1 0.8365384615384616 0.07692307692307693 0.11778846153846154 0.13942307692307693
1 0.6971153846153846 0.04447115384615385 0.09615384615384616 0.0889423076923077
0 0.5096153846153846 0.037259615384615384 0.07692307692307693 0.07451923076923077
0 0.140625 0.0625 0.13221153846153846 0.125
0 0.3557692307692308 0.07451923076923077 0.07932692307692307 0.10336538461538461
0 0.9278846153846154 0.055288461538461536 0.07932692307692307 0.07211538461538461
0 0.20673076923076922 0.04326923076923077 0.052884615384615384 0.08653846153846154