1 0.71875 0.2644230769230769 0.052884615384615384 0.0625
1 0.4951923076923077 0.2668269230769231 0.040865384615384616 0.05048076923076923
1 0.59375 0.25 0.05048076923076923 0.04567307692307692
1 0.8653846153846154 0.2932692307692308 0.052884615384615384 0.055288461538461536
1 0.7908653846153846 0.28365384615384615 0.03365384615384615 0.04567307692307692
1 0.5 0.23798076923076922 0.04326923076923077 0.040865384615384616
1 0.71875 0.0625 0.052884615384615384 0.0625
1 0.4951923076923077 0.06009615384615385 0.040865384615384616 0.05048076923076923
1 0.59375 0.07692307692307693 0.05048076923076923 0.04567307692307692
1 0.8653846153846154 0.03365384615384615 0.052884615384615384 0.055288461538461536
1 0.7908653846153846 0.04326923076923077 0.03365384615384615 0.04567307692307692
1 0.5 0.0889423076923077 0.04326923076923077 0.040865384615384616