1 0.5649038461538461 0.37740384615384615 0.06009615384615385 0.07932692307692307
1 0.4110576923076923 0.40384615384615385 0.05048076923076923 0.06971153846153846
1 0.2932692307692308 0.40384615384615385 0.04807692307692308 0.06971153846153846
1 0.8076923076923077 0.39903846153846156 0.05048076923076923 0.07451923076923077
1 0.46875 0.39663461538461536 0.052884615384615384 0.0673076923076923
1 0.6947115384615384 0.41346153846153844 0.055288461538461536 0.07932692307692307
1 0.8822115384615384 0.39903846153846156 0.0985576923076923 0.12740384615384615
1 0.125 0.4206730769230769 0.05048076923076923 0.06971153846153846
1 0.06490384615384616 0.4014423076923077 0.052884615384615384 0.0625
1 0.21875 0.39903846153846156 0.04807692307692308 0.057692307692307696
1 0.6538461538461539 0.41586538461538464 0.038461538461538464 0.06009615384615385
1 0.7572115384615384 0.41346153846153844 0.03365384615384615 0.04807692307692308
1 0.3269230769230769 0.4182692307692308 0.03365384615384615 0.052884615384615384
0 0.9567307692307693 0.40865384615384615 0.04807692307692308 0.07211538461538461
1 0.6081730769230769 0.40625 0.036057692307692304 0.052884615384615384
1 0.37740384615384615 0.40865384615384615 0.03365384615384615 0.05048076923076923
1 0.5649038461538461 0.040865384615384616 0.06009615384615385 0.07932692307692307
1 0.4110576923076923 0.025240384615384616 0.052884615384615384 0.05048076923076923
1 0.29447115384615385 0.025240384615384616 0.05048076923076923 0.05048076923076923
1 0.8076923076923077 0.028846153846153848 0.052884615384615384 0.057692307692307696
1 0.4699519230769231 0.028846153846153848 0.055288461538461536 0.057692307692307696
1 0.6947115384615384 0.02283653846153846 0.057692307692307696 0.04567307692307692
1 0.8822115384615384 0.042067307692307696 0.10096153846153846 0.08413461538461539
1 0.125 0.016826923076923076 0.052884615384615384 0.03365384615384615
1 0.06610576923076923 0.025240384615384616 0.055288461538461536 0.05048076923076923
1 0.21995192307692307 0.025240384615384616 0.05048076923076923 0.05048076923076923
1 0.6550480769230769 0.016826923076923076 0.040865384615384616 0.03365384615384615
1 0.7584134615384616 0.015625 0.036057692307692304 0.03125
1 0.328125 0.014423076923076924 0.036057692307692304 0.028846153846153848
0 0.9579326923076923 0.02403846153846154 0.05048076923076923 0.04807692307692308
1 0.6081730769230769 0.020432692307692308 0.038461538461538464 0.040865384615384616
1 0.3786057692307692 0.018028846153846152 0.036057692307692304 0.036057692307692304