1 0.7908653846153846 0.2860576923076923 0.057692307692307696 0.057692307692307696
1 0.11778846153846154 0.4807692307692308 0.040865384615384616 0.055288461538461536
1 0.4567307692307692 0.5456730769230769 0.04807692307692308 0.05048076923076923
1 0.47115384615384615 0.5192307692307693 0.04807692307692308 0.04567307692307692
1 0.84375 0.31971153846153844 0.028846153846153848 0.038461538461538464
1 0.7379807692307693 0.43028846153846156 0.04567307692307692 0.038461538461538464
1 0.5528846153846154 0.3389423076923077 0.014423076923076924 0.016826923076923076
1 0.49038461538461536 0.34375 0.019230769230769232 0.019230769230769232
1 0.5120192307692307 0.33653846153846156 0.016826923076923076 0.019230769230769232
1 0.53125 0.34134615384615385 0.014423076923076924 0.016826923076923076
2 0.12259615384615384 0.5769230769230769 0.08653846153846154 0.23557692307692307
2 0.44471153846153844 0.6730769230769231 0.19471153846153846 0.2620192307692308
2 0.7980769230769231 0.4254807692307692 0.0673076923076923 0.3293269230769231
2 0.7932692307692307 0.4831730769230769 0.1466346153846154 0.15384615384615385
2 0.8533653846153846 0.3918269230769231 0.04567307692307692 0.17067307692307693
2 0.4951923076923077 0.5649038461538461 0.08173076923076923 0.12980769230769232
2 0.49278846153846156 0.3798076923076923 0.021634615384615384 0.08653846153846154
2 0.5576923076923077 0.37740384615384615 0.026442307692307692 0.09615384615384616
2 0.53125 0.37740384615384615 0.021634615384615384 0.09134615384615384
2 0.5120192307692307 0.375 0.021634615384615384 0.0985576923076923
1 0.7908653846153846 0.04567307692307692 0.057692307692307696 0.057692307692307696
1 0.8449519230769231 0.016826923076923076 0.03125 0.03365384615384615
1 0.5120192307692307 0.003605769230769231 0.019230769230769232 0.007211538461538462
2 0.44471153846153844 0.9266826923076923 0.1971153846153846 0.13701923076923078
2 0.7992788461538461 0.036057692307692304 0.06971153846153846 0.07211538461538461