1 0.6153846153846154 0.3389423076923077 0.15865384615384615 0.22355769230769232
1 0.23317307692307693 0.28365384615384615 0.0985576923076923 0.10576923076923077
1 0.40865384615384615 0.3317307692307692 0.15865384615384615 0.19951923076923078
1 0.8509615384615384 0.38461538461538464 0.25721153846153844 0.2932692307692308
1 0.7067307692307693 0.3004807692307692 0.09375 0.17307692307692307
1 0.10096153846153846 0.28125 0.20192307692307693 0.22596153846153846
1 0.6165865384615384 0.052884615384615384 0.16105769230769232 0.10576923076923077
1 0.23317307692307693 0.051682692307692304 0.10096153846153846 0.10336538461538461
1 0.4098557692307692 0.05048076923076923 0.16105769230769232 0.10096153846153846
1 0.8509615384615384 0.04807692307692308 0.25961538461538464 0.09615384615384616
1 0.7067307692307693 0.06009615384615385 0.09615384615384616 0.1201923076923077
1 0.10216346153846154 0.0829326923076923 0.20432692307692307 0.1658653846153846