1 0.8653846153846154 0.27884615384615385 0.08413461538461539 0.0985576923076923
1 0.5673076923076923 0.25 0.08173076923076923 0.09134615384615384
1 0.9711538461538461 0.27163461538461536 0.05048076923076923 0.08173076923076923
1 0.8197115384615384 0.28365384615384615 0.057692307692307696 0.07932692307692307
1 0.49278846153846156 0.4206730769230769 0.12980769230769232 0.14182692307692307
1 0.21394230769230768 0.38461538461538464 0.057692307692307696 0.057692307692307696
1 0.71875 0.28365384615384615 0.03365384615384615 0.04567307692307692
1 0.5576923076923077 0.33413461538461536 0.04567307692307692 0.055288461538461536
1 0.8653846153846154 0.052884615384615384 0.08413461538461539 0.0985576923076923
1 0.5673076923076923 0.08173076923076923 0.08173076923076923 0.09134615384615384
1 0.9711538461538461 0.06009615384615385 0.05048076923076923 0.08173076923076923
1 0.8197115384615384 0.04807692307692308 0.057692307692307696 0.07932692307692307
1 0.71875 0.04807692307692308 0.03365384615384615 0.04567307692307692
1 0.5576923076923077 0.013221153846153846 0.04807692307692308 0.026442307692307692