0 0.25 0.45913461538461536 0.07451923076923077 0.09375
0 0.9302884615384616 0.45913461538461536 0.11057692307692307 0.125
0 0.125 0.4735576923076923 0.09615384615384616 0.11778846153846154
0 0.9110576923076923 0.38461538461538464 0.0625 0.0673076923076923
0 0.7644230769230769 0.3870192307692308 0.057692307692307696 0.06971153846153846
0 0.055288461538461536 0.5216346153846154 0.10817307692307693 0.12740384615384615
0 0.6634615384615384 0.4567307692307692 0.0889423076923077 0.09375
0 0.5649038461538461 0.39903846153846156 0.057692307692307696 0.0673076923076923
0 0.7692307692307693 0.4735576923076923 0.08653846153846154 0.10336538461538461
0 0.6947115384615384 0.3894230769230769 0.04326923076923077 0.05048076923076923
0 0.6346153846153846 0.41346153846153844 0.04807692307692308 0.06490384615384616
0 0.14423076923076922 0.40384615384615385 0.052884615384615384 0.05048076923076923
0 0.6009615384615384 0.38221153846153844 0.03365384615384615 0.04326923076923077