0 0.28365384615384615 0.3293269230769231 0.13942307692307693 0.15865384615384615
0 0.6730769230769231 0.34134615384615385 0.14182692307692307 0.16105769230769232
0 0.9014423076923077 0.36778846153846156 0.11298076923076923 0.1346153846153846
0 0.4807692307692308 0.3798076923076923 0.057692307692307696 0.08173076923076923
0 0.5576923076923077 0.33413461538461536 0.09375 0.12259615384615384
0 0.39663461538461536 0.3942307692307692 0.06971153846153846 0.10576923076923077
0 0.35336538461538464 0.40625 0.038461538461538464 0.07211538461538461
0 0.05048076923076923 0.38461538461538464 0.09375 0.17067307692307693
0 0.2848557692307692 0.042067307692307696 0.14182692307692307 0.08413461538461539
0 0.6730769230769231 0.036057692307692304 0.14423076923076922 0.07211538461538461
0 0.9014423076923077 0.016826923076923076 0.11538461538461539 0.03365384615384615
0 0.5576923076923077 0.030048076923076924 0.09615384615384616 0.06009615384615385
0 0.05048076923076923 0.016826923076923076 0.09615384615384616 0.03365384615384615