0 0.3317307692307692 0.40865384615384615 0.04567307692307692 0.06009615384615385
0 0.625 0.40625 0.05048076923076923 0.057692307692307696
0 0.7572115384615384 0.40384615384615385 0.05048076923076923 0.055288461538461536
0 0.21634615384615385 0.41586538461538464 0.052884615384615384 0.04567307692307692
0 0.42788461538461536 0.41346153846153844 0.03365384615384615 0.04567307692307692
0 0.4807692307692308 0.3870192307692308 0.052884615384615384 0.057692307692307696
0 0.5480769230769231 0.39663461538461536 0.038461538461538464 0.04807692307692308
0 0.7115384615384616 0.40865384615384615 0.028846153846153848 0.04326923076923077
0 0.7956730769230769 0.4110576923076923 0.026442307692307692 0.04326923076923077
0 0.8581730769230769 0.40625 0.038461538461538464 0.05048076923076923
0 0.9110576923076923 0.4206730769230769 0.05048076923076923 0.0625