1 0.7355769230769231 0.34134615384615385 0.09375 0.11298076923076923
1 0.8341346153846154 0.37740384615384615 0.055288461538461536 0.08413461538461539
0 0.22115384615384615 0.34375 0.10336538461538461 0.12980769230769232
0 0.15625 0.3894230769230769 0.0625 0.06490384615384616
0 0.43509615384615385 0.39903846153846156 0.055288461538461536 0.06009615384615385
0 0.5985576923076923 0.39903846153846156 0.052884615384615384 0.06009615384615385
0 0.2956730769230769 0.3701923076923077 0.04567307692307692 0.06490384615384616
0 0.8798076923076923 0.3701923076923077 0.06009615384615385 0.07692307692307693
1 0.7355769230769231 0.09134615384615384 0.09375 0.11298076923076923
1 0.8341346153846154 0.055288461538461536 0.055288461538461536 0.08413461538461539
0 0.22115384615384615 0.0889423076923077 0.10336538461538461 0.12980769230769232
0 0.15625 0.04326923076923077 0.0625 0.06490384615384616
0 0.43509615384615385 0.03365384615384615 0.055288461538461536 0.06009615384615385
0 0.5985576923076923 0.03365384615384615 0.052884615384615384 0.06009615384615385
0 0.2956730769230769 0.0625 0.04567307692307692 0.06490384615384616
0 0.8798076923076923 0.0625 0.06009615384615385 0.07692307692307693