0 0.21394230769230768 0.4375 0.055288461538461536 0.06009615384615385
0 0.40625 0.4519230769230769 0.03365384615384615 0.036057692307692304
0 0.4831730769230769 0.44711538461538464 0.03365384615384615 0.038461538461538464
0 0.5576923076923077 0.44711538461538464 0.036057692307692304 0.04326923076923077
0 0.6658653846153846 0.4423076923076923 0.03365384615384615 0.038461538461538464
0 0.7091346153846154 0.44711538461538464 0.03365384615384615 0.038461538461538464
0 0.7427884615384616 0.4519230769230769 0.03365384615384615 0.03365384615384615
0 0.8100961538461539 0.4423076923076923 0.036057692307692304 0.04807692307692308
0 0.8629807692307693 0.4182692307692308 0.03365384615384615 0.03365384615384615
0 0.8677884615384616 0.44471153846153844 0.04567307692307692 0.04567307692307692
0 0.9158653846153846 0.4182692307692308 0.03125 0.04326923076923077
0 0.9399038461538461 0.4326923076923077 0.026442307692307692 0.03365384615384615
0 0.9879807692307693 0.43509615384615385 0.016826923076923076 0.055288461538461536