1 0.5649038461538461 0.44711538461538464 0.08173076923076923 0.11298076923076923
1 0.40865384615384615 0.35336538461538464 0.04807692307692308 0.06009615384615385
1 0.30528846153846156 0.4254807692307692 0.03365384615384615 0.040865384615384616
1 0.27403846153846156 0.40625 0.026442307692307692 0.03365384615384615
1 0.17067307692307693 0.32211538461538464 0.026442307692307692 0.03365384615384615
1 0.04326923076923077 0.34375 0.021634615384615384 0.03365384615384615
1 0.25961538461538464 0.32211538461538464 0.019230769230769232 0.03125
1 0.375 0.3269230769230769 0.038461538461538464 0.04807692307692308
1 0.6947115384615384 0.31971153846153844 0.016826923076923076 0.028846153846153848
1 0.8125 0.30288461538461536 0.02403846153846154 0.038461538461538464
1 0.17067307692307693 0.004807692307692308 0.028846153846153848 0.009615384615384616
1 0.2608173076923077 0.003605769230769231 0.021634615384615384 0.007211538461538462
1 0.3762019230769231 0.006009615384615385 0.040865384615384616 0.01201923076923077
1 0.6947115384615384 0.004807692307692308 0.019230769230769232 0.009615384615384616
1 0.8137019230769231 0.015625 0.026442307692307692 0.03125