1 0.1778846153846154 0.4326923076923077 0.06971153846153846 0.08173076923076923
1 0.5168269230769231 0.44711538461538464 0.04567307692307692 0.057692307692307696
1 0.7740384615384616 0.4639423076923077 0.06490384615384616 0.057692307692307696
1 0.2692307692307692 0.4326923076923077 0.04326923076923077 0.06009615384615385
1 0.4014423076923077 0.46634615384615385 0.038461538461538464 0.040865384615384616
1 0.5673076923076923 0.46875 0.03125 0.040865384615384616
1 0.6538461538461539 0.46634615384615385 0.038461538461538464 0.04326923076923077
1 0.7235576923076923 0.4807692307692308 0.040865384615384616 0.04567307692307692
1 0.8509615384615384 0.4735576923076923 0.03365384615384615 0.04567307692307692
1 0.8798076923076923 0.47596153846153844 0.036057692307692304 0.04807692307692308
1 0.9807692307692307 0.4519230769230769 0.03365384615384615 0.057692307692307696