1 0.09375 0.30528846153846156 0.08653846153846154 0.10576923076923077
1 0.5216346153846154 0.31490384615384615 0.06490384615384616 0.0889423076923077
1 0.71875 0.33413461538461536 0.0673076923076923 0.07451923076923077
1 0.2860576923076923 0.33653846153846156 0.06971153846153846 0.08413461538461539
1 0.8846153846153846 0.31971153846153844 0.08413461538461539 0.10817307692307693
1 0.39663461538461536 0.3076923076923077 0.057692307692307696 0.09134615384615384
1 0.45913461538461536 0.3557692307692308 0.03365384615384615 0.05048076923076923
1 0.5769230769230769 0.3485576923076923 0.038461538461538464 0.057692307692307696
1 0.6610576923076923 0.3557692307692308 0.04567307692307692 0.0625
1 0.8125 0.3557692307692308 0.04807692307692308 0.057692307692307696
1 0.09495192307692307 0.040865384615384616 0.0889423076923077 0.08173076923076923
1 0.5216346153846154 0.03125 0.0673076923076923 0.0625
1 0.7199519230769231 0.018028846153846152 0.06971153846153846 0.036057692307692304
1 0.2860576923076923 0.019230769230769232 0.07211538461538461 0.038461538461538464
1 0.8846153846153846 0.03365384615384615 0.08653846153846154 0.0673076923076923
1 0.39783653846153844 0.036057692307692304 0.06009615384615385 0.07211538461538461
1 0.578125 0.007211538461538462 0.040865384615384616 0.014423076923076924