1 0.25721153846153844 0.7548076923076923 0.09375 0.0985576923076923
1 0.07692307692307693 0.6538461538461539 0.0985576923076923 0.09615384615384616
1 0.5793269230769231 0.8125 0.08413461538461539 0.08653846153846154
1 0.39663461538461536 0.4495192307692308 0.06971153846153846 0.07211538461538461
1 0.6658653846153846 0.5552884615384616 0.07211538461538461 0.07211538461538461
1 0.7884615384615384 0.28125 0.06009615384615385 0.06490384615384616
1 0.7764423076923077 0.6778846153846154 0.07932692307692307 0.0673076923076923
1 0.6081730769230769 0.5192307692307693 0.05048076923076923 0.06490384615384616
1 0.375 0.3942307692307692 0.06009615384615385 0.06009615384615385
1 0.28125 0.4375 0.06971153846153846 0.06490384615384616
1 0.5264423076923077 0.53125 0.052884615384615384 0.06490384615384616
1 0.7259615384615384 0.8100961538461539 0.09134615384615384 0.08653846153846154
1 0.8701923076923077 0.7451923076923077 0.0889423076923077 0.06971153846153846
1 0.9038461538461539 0.24278846153846154 0.0625 0.06971153846153846
1 0.9158653846153846 0.16826923076923078 0.055288461538461536 0.057692307692307696
1 0.8677884615384616 0.15625 0.057692307692307696 0.038461538461538464
1 0.25721153846153844 0.9579326923076923 0.09615384615384616 0.07932692307692307
1 0.5793269230769231 0.9110576923076923 0.08413461538461539 0.08653846153846154
1 0.7884615384615384 0.010817307692307692 0.0625 0.021634615384615384
1 0.7259615384615384 0.9134615384615384 0.09134615384615384 0.08653846153846154
1 0.8701923076923077 0.9699519230769231 0.09134615384615384 0.055288461538461536
1 0.9050480769230769 0.03125 0.06490384615384616 0.0625
1 0.9158653846153846 0.10096153846153846 0.055288461538461536 0.057692307692307696
1 0.8677884615384616 0.11298076923076923 0.057692307692307696 0.038461538461538464