1 0.40384615384615385 0.23317307692307693 0.23557692307692307 0.2956730769230769
1 0.19471153846153846 0.13701923076923078 0.1875 0.1971153846153846
1 0.5673076923076923 0.18028846153846154 0.1658653846153846 0.19471153846153846
1 0.6778846153846154 0.28365384615384615 0.08173076923076923 0.10817307692307693
1 0.8533653846153846 0.11298076923076923 0.08653846153846154 0.21875
0 0.6754807692307693 0.038461538461538464 0.0625 0.07451923076923077
0 0.5576923076923077 0.04326923076923077 0.0625 0.08413461538461539
0 0.6129807692307693 0.03365384615384615 0.04567307692307692 0.0625
0 0.5192307692307693 0.04567307692307692 0.038461538461538464 0.052884615384615384
0 0.7860576923076923 0.07932692307692307 0.04567307692307692 0.05048076923076923
0 0.4254807692307692 0.055288461538461536 0.038461538461538464 0.04567307692307692
1 0.04927884615384615 0.13822115384615385 0.0985576923076923 0.19951923076923078
1 0.9471153846153846 0.11298076923076923 0.08653846153846154 0.21875