1 0.6634615384615384 0.35096153846153844 0.06490384615384616 0.08413461538461539
0 0.22596153846153846 0.3269230769230769 0.06490384615384616 0.0889423076923077
0 0.5504807692307693 0.3581730769230769 0.07211538461538461 0.0889423076923077
0 0.7932692307692307 0.3581730769230769 0.11298076923076923 0.13221153846153846
0 0.2932692307692308 0.33653846153846156 0.07211538461538461 0.09375
0 0.3918269230769231 0.29086538461538464 0.09615384615384616 0.12259615384615384
0 0.9375 0.3605769230769231 0.09375 0.11538461538461539
0 0.47596153846153844 0.36778846153846156 0.05048076923076923 0.0673076923076923
0 0.7451923076923077 0.37259615384615385 0.057692307692307696 0.10336538461538461
1 0.6634615384615384 0.01201923076923077 0.0673076923076923 0.02403846153846154
0 0.22596153846153846 0.025240384615384616 0.0673076923076923 0.05048076923076923
0 0.5516826923076923 0.009615384615384616 0.07451923076923077 0.019230769230769232
0 0.7932692307692307 0.020432692307692308 0.11538461538461539 0.040865384615384616
0 0.29447115384615385 0.021634615384615384 0.07451923076923077 0.04326923076923077
0 0.39302884615384615 0.051682692307692304 0.0985576923076923 0.10336538461538461
0 0.9375 0.015625 0.09615384615384616 0.03125