1 0.8052884615384616 0.33653846153846156 0.07451923076923077 0.07692307692307693
1 0.9447115384615384 0.5048076923076923 0.08413461538461539 0.0673076923076923
1 0.4855769230769231 0.33413461538461536 0.05048076923076923 0.052884615384615384
1 0.40384615384615385 0.4254807692307692 0.06009615384615385 0.05048076923076923
1 0.7475961538461539 0.3701923076923077 0.08413461538461539 0.08173076923076923
1 0.9615384615384616 0.43990384615384615 0.0625 0.0673076923076923
1 0.22355769230769232 0.4543269230769231 0.04326923076923077 0.03365384615384615
1 0.17548076923076922 0.4423076923076923 0.038461538461538464 0.040865384615384616
1 0.46875 0.41346153846153844 0.03365384615384615 0.04567307692307692
1 0.7692307692307693 0.4254807692307692 0.05048076923076923 0.06009615384615385
1 0.2668269230769231 0.35336538461538464 0.03365384615384615 0.03365384615384615
1 0.21634615384615385 0.3581730769230769 0.036057692307692304 0.028846153846153848
1 0.12740384615384615 0.4423076923076923 0.038461538461538464 0.036057692307692304
1 0.59375 0.41586538461538464 0.04807692307692308 0.05048076923076923
1 0.24519230769230768 0.42788461538461536 0.036057692307692304 0.03365384615384615
1 0.3076923076923077 0.4110576923076923 0.028846153846153848 0.03125
1 0.8052884615384616 0.10576923076923077 0.07451923076923077 0.07692307692307693
1 0.4855769230769231 0.10817307692307693 0.05048076923076923 0.052884615384615384
1 0.40384615384615385 0.021634615384615384 0.0625 0.04326923076923077
1 0.7475961538461539 0.07211538461538461 0.08413461538461539 0.08173076923076923
1 0.9627403846153846 0.019230769230769232 0.06490384615384616 0.038461538461538464
1 0.2247596153846154 0.003605769230769231 0.04567307692307692 0.007211538461538462
1 0.17668269230769232 0.010817307692307692 0.040865384615384616 0.021634615384615384
1 0.46875 0.028846153846153848 0.03365384615384615 0.04567307692307692
1 0.7692307692307693 0.02403846153846154 0.052884615384615384 0.04807692307692308
1 0.2668269230769231 0.0889423076923077 0.03365384615384615 0.03365384615384615
1 0.21634615384615385 0.08413461538461539 0.036057692307692304 0.028846153846153848
1 0.12860576923076922 0.009615384615384616 0.040865384615384616 0.019230769230769232
1 0.59375 0.026442307692307692 0.04807692307692308 0.05048076923076923
1 0.24519230769230768 0.016826923076923076 0.038461538461538464 0.03365384615384615
1 0.3076923076923077 0.03125 0.028846153846153848 0.03125