1 0.5649038461538461 0.6153846153846154 0.05048076923076923 0.05048076923076923
1 0.9543269230769231 0.6394230769230769 0.055288461538461536 0.052884615384615384
1 0.13221153846153846 0.5889423076923077 0.04326923076923077 0.04807692307692308
1 0.3557692307692308 0.4855769230769231 0.038461538461538464 0.036057692307692304
1 0.2403846153846154 0.46875 0.03125 0.03365384615384615
1 0.06971153846153846 0.49038461538461536 0.028846153846153848 0.03365384615384615
1 0.3701923076923077 0.5432692307692307 0.026442307692307692 0.02403846153846154
1 0.5216346153846154 0.43028846153846156 0.02403846153846154 0.028846153846153848
1 0.49038461538461536 0.4206730769230769 0.028846153846153848 0.028846153846153848
1 0.7572115384615384 0.41586538461538464 0.040865384615384616 0.03365384615384615
1 0.10096153846153846 0.41586538461538464 0.028846153846153848 0.021634615384615384
1 0.1346153846153846 0.4014423076923077 0.028846153846153848 0.026442307692307692
1 0.18990384615384615 0.38461538461538464 0.019230769230769232 0.021634615384615384
0 0.15384615384615385 0.6105769230769231 0.03365384615384615 0.036057692307692304
1 0.25961538461538464 0.4326923076923077 0.021634615384615384 0.02403846153846154