1 0.3894230769230769 0.40865384615384615 0.04326923076923077 0.06490384615384616
1 0.038461538461538464 0.5 0.040865384615384616 0.0625
1 0.16346153846153846 0.5552884615384616 0.052884615384615384 0.057692307692307696
1 0.3389423076923077 0.29086538461538464 0.03365384615384615 0.040865384615384616
1 0.31490384615384615 0.2668269230769231 0.03365384615384615 0.052884615384615384
1 0.5985576923076923 0.5288461538461539 0.040865384615384616 0.06490384615384616
1 0.7836538461538461 0.5336538461538461 0.052884615384615384 0.055288461538461536
1 0.5576923076923077 0.4206730769230769 0.04326923076923077 0.057692307692307696
1 0.6177884615384616 0.42788461538461536 0.05048076923076923 0.06490384615384616
1 0.7932692307692307 0.4254807692307692 0.04807692307692308 0.057692307692307696
1 0.8341346153846154 0.4206730769230769 0.03125 0.04807692307692308
1 0.3389423076923077 0.040865384615384616 0.03365384615384615 0.040865384615384616
1 0.31490384615384615 0.06490384615384616 0.03365384615384615 0.052884615384615384