1 0.11057692307692307 0.40865384615384615 0.0625 0.07211538461538461
1 0.3581730769230769 0.3894230769230769 0.057692307692307696 0.06009615384615385
1 0.6490384615384616 0.37259615384615385 0.04807692307692308 0.057692307692307696
1 0.43990384615384615 0.3629807692307692 0.052884615384615384 0.06009615384615385
1 0.026442307692307692 0.3581730769230769 0.05048076923076923 0.09375
1 0.21634615384615385 0.3918269230769231 0.05048076923076923 0.055288461538461536
1 0.1658653846153846 0.39903846153846156 0.040865384615384616 0.04567307692307692
1 0.875 0.4014423076923077 0.04567307692307692 0.055288461538461536
1 0.9783653846153846 0.37259615384615385 0.036057692307692304 0.08173076923076923
1 0.9567307692307693 0.35336538461538464 0.03365384615384615 0.040865384615384616
1 0.4735576923076923 0.3798076923076923 0.03365384615384615 0.04326923076923077
1 0.040865384615384616 0.40384615384615385 0.040865384615384616 0.055288461538461536
1 0.8774038461538461 0.37259615384615385 0.03365384615384615 0.040865384615384616
1 0.11177884615384616 0.03125 0.06490384615384616 0.0625
1 0.3581730769230769 0.04326923076923077 0.057692307692307696 0.06009615384615385
1 0.6490384615384616 0.06009615384615385 0.04807692307692308 0.057692307692307696
1 0.43990384615384615 0.06971153846153846 0.052884615384615384 0.06009615384615385
1 0.026442307692307692 0.07451923076923077 0.05048076923076923 0.09375
1 0.21634615384615385 0.040865384615384616 0.05048076923076923 0.055288461538461536
1 0.1658653846153846 0.03365384615384615 0.040865384615384616 0.04567307692307692
1 0.875 0.03125 0.04567307692307692 0.055288461538461536
1 0.9783653846153846 0.06009615384615385 0.036057692307692304 0.08173076923076923
1 0.9567307692307693 0.07932692307692307 0.03365384615384615 0.040865384615384616
1 0.4735576923076923 0.052884615384615384 0.03365384615384615 0.04326923076923077
1 0.040865384615384616 0.028846153846153848 0.040865384615384616 0.055288461538461536
1 0.8774038461538461 0.06009615384615385 0.03365384615384615 0.040865384615384616