0 0.21875 0.4951923076923077 0.0625 0.08173076923076923
0 0.7548076923076923 0.5192307692307693 0.07211538461538461 0.09134615384615384
0 0.125 0.5048076923076923 0.10576923076923077 0.11298076923076923
0 0.8677884615384616 0.5576923076923077 0.12980769230769232 0.14423076923076922
0 0.7043269230769231 0.5096153846153846 0.057692307692307696 0.07451923076923077
0 0.2764423076923077 0.5120192307692307 0.04567307692307692 0.0673076923076923
0 0.31009615384615385 0.49278846153846156 0.036057692307692304 0.04326923076923077
0 0.34134615384615385 0.49038461538461536 0.03125 0.04326923076923077
0 0.4639423076923077 0.49278846153846156 0.03365384615384615 0.036057692307692304
0 0.5625 0.49759615384615385 0.036057692307692304 0.04326923076923077
0 0.6201923076923077 0.5024038461538461 0.04326923076923077 0.052884615384615384