1 0.4951923076923077 0.6057692307692307 0.02403846153846154 0.028846153846153848
1 0.5120192307692307 0.5240384615384616 0.026442307692307692 0.03125
1 0.2403846153846154 0.16346153846153846 0.028846153846153848 0.021634615384615384
1 0.7596153846153846 0.27163461538461536 0.021634615384615384 0.026442307692307692
1 0.7475961538461539 0.5360576923076923 0.021634615384615384 0.026442307692307692
1 0.7788461538461539 0.5408653846153846 0.019230769230769232 0.026442307692307692
1 0.5432692307692307 0.026442307692307692 0.026442307692307692 0.02403846153846154
1 0.09134615384615384 0.16346153846153846 0.028846153846153848 0.021634615384615384
1 0.9038461538461539 0.27163461538461536 0.021634615384615384 0.026442307692307692
1 0.9158653846153846 0.5360576923076923 0.021634615384615384 0.026442307692307692
1 0.8846153846153846 0.5408653846153846 0.019230769230769232 0.026442307692307692