1 0.34375 0.4735576923076923 0.04326923076923077 0.04567307692307692
0 0.5625 0.4831730769230769 0.04326923076923077 0.04326923076923077
0 0.9182692307692307 0.4879807692307692 0.04567307692307692 0.05048076923076923
0 0.4543269230769231 0.4855769230769231 0.03365384615384615 0.040865384615384616
0 0.23076923076923078 0.4951923076923077 0.04567307692307692 0.04326923076923077
0 0.06490384615384616 0.5168269230769231 0.057692307692307696 0.06490384615384616
0 0.11057692307692307 0.49278846153846156 0.03365384615384615 0.052884615384615384
0 0.3894230769230769 0.49038461538461536 0.03365384615384615 0.040865384615384616
0 0.27884615384615385 0.4831730769230769 0.040865384615384616 0.04567307692307692
0 0.15384615384615385 0.4807692307692308 0.03125 0.04807692307692308
0 0.1875 0.49038461538461536 0.03365384615384615 0.04326923076923077