1 0.7067307692307693 0.5528846153846154 0.07211538461538461 0.07692307692307693
1 0.6057692307692307 0.5240384615384616 0.06009615384615385 0.07211538461538461
1 0.47836538461538464 0.4855769230769231 0.04807692307692308 0.0625
1 0.27163461538461536 0.3389423076923077 0.03365384615384615 0.038461538461538464
1 0.4182692307692308 0.36778846153846156 0.038461538461538464 0.05048076923076923
1 0.5 0.37740384615384615 0.04326923076923077 0.04326923076923077
1 0.5745192307692307 0.375 0.040865384615384616 0.040865384615384616
1 0.8533653846153846 0.4519230769230769 0.04567307692307692 0.055288461538461536
1 0.78125 0.4326923076923077 0.04567307692307692 0.04567307692307692
1 0.7475961538461539 0.41586538461538464 0.038461538461538464 0.04567307692307692
1 0.49278846153846156 0.34134615384615385 0.040865384615384616 0.04567307692307692
1 0.3557692307692308 0.3485576923076923 0.03365384615384615 0.03365384615384615
1 0.625 0.3798076923076923 0.038461538461538464 0.04567307692307692
1 0.6538461538461539 0.38221153846153844 0.03365384615384615 0.040865384615384616
1 0.5913461538461539 0.3485576923076923 0.038461538461538464 0.03365384615384615
1 0.6033653846153846 0.3245192307692308 0.03365384615384615 0.03365384615384615
1 0.6947115384615384 0.3942307692307692 0.040865384615384616 0.038461538461538464
1 0.7740384615384616 0.38221153846153844 0.04567307692307692 0.04326923076923077
1 0.7115384615384616 0.3389423076923077 0.03365384615384615 0.03125
1 0.21875 0.3485576923076923 0.05048076923076923 0.04567307692307692
1 0.18269230769230768 0.34375 0.036057692307692304 0.038461538461538464
1 0.15625 0.3317307692307692 0.03365384615384615 0.03365384615384615
1 0.1346153846153846 0.32211538461538464 0.03365384615384615 0.03365384615384615
1 0.11538461538461539 0.31971153846153844 0.026442307692307692 0.03125
1 0.08173076923076923 0.3245192307692308 0.03365384615384615 0.03365384615384615
1 0.22355769230769232 0.2956730769230769 0.03365384615384615 0.028846153846153848
1 0.3918269230769231 0.3173076923076923 0.02403846153846154 0.021634615384615384
1 0.9567307692307693 0.4014423076923077 0.04326923076923077 0.04807692307692308
1 0.8605769230769231 0.30288461538461536 0.026442307692307692 0.038461538461538464
1 0.28365384615384615 0.2764423076923077 0.026442307692307692 0.026442307692307692
1 0.036057692307692304 0.28125 0.028846153846153848 0.028846153846153848
1 0.8918269230769231 0.2932692307692308 0.026442307692307692 0.040865384615384616
1 0.9663461538461539 0.35336538461538464 0.040865384615384616 0.03365384615384615
1 0.22596153846153846 0.2668269230769231 0.021634615384615384 0.02403846153846154
1 0.7379807692307693 0.31009615384615385 0.021634615384615384 0.02403846153846154
1 0.7079326923076923 0.9819711538461539 0.07451923076923077 0.026442307692307692
1 0.27163461538461536 0.0985576923076923 0.03365384615384615 0.038461538461538464
1 0.4182692307692308 0.06971153846153846 0.038461538461538464 0.05048076923076923
1 0.5 0.06009615384615385 0.04326923076923077 0.04326923076923077
1 0.5745192307692307 0.0625 0.040865384615384616 0.040865384615384616
1 0.8533653846153846 0.007211538461538462 0.04807692307692308 0.014423076923076924
1 0.78125 0.014423076923076924 0.04807692307692308 0.028846153846153848
1 0.7487980769230769 0.02283653846153846 0.040865384615384616 0.04567307692307692
1 0.49278846153846156 0.09615384615384616 0.040865384615384616 0.04567307692307692
1 0.3557692307692308 0.0889423076923077 0.03365384615384615 0.03365384615384615
1 0.625 0.057692307692307696 0.038461538461538464 0.04567307692307692
1 0.6538461538461539 0.055288461538461536 0.03365384615384615 0.040865384615384616
1 0.5913461538461539 0.0889423076923077 0.038461538461538464 0.03365384615384615
1 0.6033653846153846 0.11298076923076923 0.03365384615384615 0.03365384615384615
1 0.6947115384615384 0.04326923076923077 0.040865384615384616 0.038461538461538464
1 0.7740384615384616 0.055288461538461536 0.04567307692307692 0.04326923076923077
1 0.7115384615384616 0.0985576923076923 0.03365384615384615 0.03125
1 0.21875 0.0889423076923077 0.05048076923076923 0.04567307692307692
1 0.18269230769230768 0.09375 0.036057692307692304 0.038461538461538464
1 0.15625 0.10576923076923077 0.03365384615384615 0.03365384615384615
1 0.1346153846153846 0.11538461538461539 0.03365384615384615 0.03365384615384615
1 0.11538461538461539 0.11778846153846154 0.026442307692307692 0.03125
1 0.08173076923076923 0.11298076923076923 0.03365384615384615 0.03365384615384615
1 0.22355769230769232 0.14182692307692307 0.03365384615384615 0.028846153846153848
1 0.3918269230769231 0.1201923076923077 0.02403846153846154 0.021634615384615384
1 0.9567307692307693 0.036057692307692304 0.04326923076923077 0.04807692307692308
1 0.8605769230769231 0.1346153846153846 0.026442307692307692 0.038461538461538464
1 0.28365384615384615 0.16105769230769232 0.026442307692307692 0.026442307692307692
1 0.036057692307692304 0.15625 0.028846153846153848 0.028846153846153848
1 0.8918269230769231 0.14423076923076922 0.026442307692307692 0.040865384615384616
1 0.9663461538461539 0.08413461538461539 0.040865384615384616 0.03365384615384615
1 0.22596153846153846 0.17067307692307693 0.021634615384615384 0.02403846153846154
1 0.7379807692307693 0.12740384615384615 0.021634615384615384 0.02403846153846154