1 0.11538461538461539 0.36538461538461536 0.055288461538461536 0.07932692307692307
1 0.2091346153846154 0.35336538461538464 0.057692307692307696 0.07932692307692307
1 0.3293269230769231 0.2980769230769231 0.04567307692307692 0.0673076923076923
1 0.40865384615384615 0.33413461538461536 0.052884615384615384 0.08173076923076923
1 0.2644230769230769 0.47836538461538464 0.06009615384615385 0.07451923076923077
1 0.20673076923076922 0.5384615384615384 0.0625 0.08413461538461539
1 0.34134615384615385 0.5120192307692307 0.055288461538461536 0.07692307692307693
1 0.4230769230769231 0.44471153846153844 0.052884615384615384 0.07692307692307693
1 0.5432692307692307 0.31971153846153844 0.052884615384615384 0.07211538461538461
1 0.5 0.28846153846153844 0.052884615384615384 0.07451923076923077
1 0.8389423076923077 0.3269230769230769 0.06490384615384616 0.08653846153846154
1 0.7259615384615384 0.3076923076923077 0.06009615384615385 0.07932692307692307
1 0.6682692307692307 0.33413461538461536 0.06009615384615385 0.08173076923076923
1 0.6033653846153846 0.34134615384615385 0.06490384615384616 0.07692307692307693
2 0.21394230769230768 0.6538461538461539 0.17067307692307693 0.31009615384615385
2 0.11778846153846154 0.5216346153846154 0.12259615384615384 0.3918269230769231
2 0.2091346153846154 0.40865384615384615 0.08173076923076923 0.18990384615384615
2 0.33413461538461536 0.6274038461538461 0.15384615384615385 0.2764423076923077
2 0.4326923076923077 0.5649038461538461 0.13221153846153846 0.2980769230769231
2 0.8629807692307693 0.5240384615384616 0.14423076923076922 0.4831730769230769
2 0.7475961538461539 0.5096153846153846 0.11298076923076923 0.4831730769230769
2 0.6634615384615384 0.5168269230769231 0.08173076923076923 0.45913461538461536
2 0.6081730769230769 0.5216346153846154 0.08653846153846154 0.4230769230769231
2 0.5360576923076923 0.5072115384615384 0.07451923076923077 0.4254807692307692
2 0.3269230769230769 0.3918269230769231 0.10817307692307693 0.25240384615384615
2 0.40865384615384615 0.35336538461538464 0.09375 0.11057692307692307
2 0.49278846153846156 0.36778846153846156 0.06009615384615385 0.22596153846153846