1 0.4423076923076923 0.21153846153846154 0.07932692307692307 0.0985576923076923
1 0.8125 0.27163461538461536 0.07692307692307693 0.0889423076923077
1 0.625 0.27163461538461536 0.06009615384615385 0.07932692307692307
1 0.7259615384615384 0.33653846153846156 0.08173076923076923 0.10336538461538461
0 0.12980769230769232 0.21875 0.08173076923076923 0.08413461538461539
0 0.24759615384615385 0.2932692307692308 0.04326923076923077 0.055288461538461536
0 0.28365384615384615 0.2692307692307692 0.04326923076923077 0.052884615384615384
0 0.34134615384615385 0.31009615384615385 0.03365384615384615 0.04326923076923077
1 0.4423076923076923 0.09615384615384616 0.07932692307692307 0.0985576923076923
1 0.8137019230769231 0.040865384615384616 0.07932692307692307 0.08173076923076923
1 0.625 0.038461538461538464 0.0625 0.07692307692307693
1 0.7271634615384616 0.01201923076923077 0.08413461538461539 0.02403846153846154
0 0.12980769230769232 0.0889423076923077 0.08173076923076923 0.08413461538461539
0 0.24879807692307693 0.021634615384615384 0.04567307692307692 0.04326923076923077
0 0.28365384615384615 0.038461538461538464 0.04326923076923077 0.052884615384615384
0 0.3425480769230769 0.010817307692307692 0.036057692307692304 0.021634615384615384