1 0.28846153846153844 0.3942307692307692 0.04807692307692308 0.06490384615384616
1 0.5408653846153846 0.3918269230769231 0.052884615384615384 0.06009615384615385
1 0.9639423076923077 0.25961538461538464 0.052884615384615384 0.0673076923076923
1 0.7451923076923077 0.40865384615384615 0.05048076923076923 0.052884615384615384
1 0.8293269230769231 0.31490384615384615 0.04807692307692308 0.05048076923076923
0 0.8894230769230769 0.41586538461538464 0.057692307692307696 0.06490384615384616
0 0.3389423076923077 0.38461538461538464 0.055288461538461536 0.0625
0 0.4519230769230769 0.41586538461538464 0.03365384615384615 0.04807692307692308
0 0.4807692307692308 0.4182692307692308 0.021634615384615384 0.04567307692307692
1 0.6778846153846154 0.42788461538461536 0.040865384615384616 0.040865384615384616
1 0.6899038461538461 0.40384615384615385 0.03365384615384615 0.04807692307692308
1 0.28846153846153844 0.04326923076923077 0.04807692307692308 0.06490384615384616
1 0.5408653846153846 0.04567307692307692 0.052884615384615384 0.06009615384615385
1 0.9639423076923077 0.1778846153846154 0.052884615384615384 0.0673076923076923
1 0.7451923076923077 0.028846153846153848 0.05048076923076923 0.052884615384615384
1 0.8293269230769231 0.12259615384615384 0.04807692307692308 0.05048076923076923
0 0.890625 0.027644230769230768 0.06009615384615385 0.055288461538461536
0 0.3389423076923077 0.052884615384615384 0.055288461538461536 0.0625
0 0.453125 0.02403846153846154 0.036057692307692304 0.04807692307692308
0 0.4807692307692308 0.021634615384615384 0.02403846153846154 0.04326923076923077
1 0.6778846153846154 0.015625 0.04326923076923077 0.03125
1 0.6899038461538461 0.03365384615384615 0.03365384615384615 0.04807692307692308