1 0.07932692307692307 0.6514423076923077 0.12259615384615384 0.125
1 0.43028846153846156 0.6153846153846154 0.09615384615384616 0.10576923076923077
1 0.19951923076923078 0.3605769230769231 0.040865384615384616 0.038461538461538464
1 0.4206730769230769 0.5024038461538461 0.04807692307692308 0.04326923076923077
1 0.5288461538461539 0.39663461538461536 0.04567307692307692 0.04567307692307692
1 0.4519230769230769 0.3894230769230769 0.038461538461538464 0.03365384615384615
1 0.15384615384615385 0.3317307692307692 0.038461538461538464 0.03125
1 0.18509615384615385 0.31009615384615385 0.026442307692307692 0.03365384615384615
1 0.5649038461538461 0.3894230769230769 0.03125 0.03365384615384615
1 0.014423076923076924 0.24519230769230768 0.026442307692307692 0.055288461538461536
1 0.17067307692307693 0.22355769230769232 0.028846153846153848 0.02403846153846154
1 0.5264423076923077 0.3293269230769231 0.026442307692307692 0.02403846153846154
1 0.6177884615384616 0.40384615384615385 0.038461538461538464 0.040865384615384616
1 0.7716346153846154 0.40625 0.057692307692307696 0.055288461538461536
1 0.007211538461538462 0.3629807692307692 0.009615384615384616 0.057692307692307696
1 0.07932692307692307 0.96875 0.125 0.052884615384615384
1 0.15504807692307693 0.013221153846153846 0.040865384615384616 0.026442307692307692
1 0.18509615384615385 0.03125 0.026442307692307692 0.03365384615384615
1 0.014423076923076924 0.09615384615384616 0.026442307692307692 0.055288461538461536
1 0.17067307692307693 0.11778846153846154 0.028846153846153848 0.02403846153846154
1 0.5264423076923077 0.01201923076923077 0.026442307692307692 0.02403846153846154
1 0.008413461538461538 0.004807692307692308 0.01201923076923077 0.009615384615384616