1 0.8125 0.37740384615384615 0.057692307692307696 0.07692307692307693
1 0.16346153846153846 0.4735576923076923 0.057692307692307696 0.06490384615384616
0 0.4879807692307692 0.46153846153846156 0.04567307692307692 0.055288461538461536
0 0.3317307692307692 0.47596153846153844 0.04326923076923077 0.0625
0 0.5841346153846154 0.45913461538461536 0.03125 0.04326923076923077
0 0.6081730769230769 0.4543269230769231 0.028846153846153848 0.04567307692307692
0 0.6634615384615384 0.46153846153846156 0.04326923076923077 0.05048076923076923
0 0.375 0.4855769230769231 0.040865384615384616 0.04567307692307692
0 0.29086538461538464 0.4879807692307692 0.03125 0.036057692307692304
0 0.4254807692307692 0.49278846153846156 0.03125 0.036057692307692304
0 0.09375 0.49278846153846156 0.04807692307692308 0.0625
1 0.052884615384615384 0.5024038461538461 0.03365384615384615 0.04567307692307692