1 0.4855769230769231 0.4543269230769231 0.06971153846153846 0.0985576923076923
1 0.12980769230769232 0.47836538461538464 0.07451923076923077 0.10576923076923077
1 0.4182692307692308 0.46634615384615385 0.0673076923076923 0.08653846153846154
1 0.3076923076923077 0.47596153846153844 0.0673076923076923 0.07932692307692307
1 0.2283653846153846 0.4855769230769231 0.07692307692307693 0.09615384615384616
1 0.8557692307692307 0.49038461538461536 0.052884615384615384 0.07932692307692307
1 0.6057692307692307 0.45913461538461536 0.0625 0.08173076923076923
1 0.7067307692307693 0.45913461538461536 0.057692307692307696 0.07932692307692307
1 0.18990384615384615 0.4735576923076923 0.07451923076923077 0.10576923076923077
1 0.9759615384615384 0.4639423076923077 0.03365384615384615 0.05048076923076923
1 0.5600961538461539 0.46875 0.04326923076923077 0.06971153846153846
1 0.7836538461538461 0.46634615384615385 0.021634615384615384 0.036057692307692304
1 0.8870192307692307 0.47836538461538464 0.038461538461538464 0.0673076923076923