1 0.8653846153846154 0.3894230769230769 0.12980769230769232 0.14903846153846154
1 0.5096153846153846 0.4182692307692308 0.11538461538461539 0.14182692307692307
1 0.04326923076923077 0.4182692307692308 0.08173076923076923 0.11298076923076923
1 0.71875 0.40625 0.09375 0.10817307692307693
1 0.17307692307692307 0.40384615384615385 0.10576923076923077 0.1346153846153846
1 0.24759615384615385 0.3918269230769231 0.07932692307692307 0.12980769230769232
1 0.43990384615384615 0.44711538461538464 0.0625 0.08653846153846154
1 0.5841346153846154 0.4326923076923077 0.0625 0.09134615384615384
1 0.6899038461538461 0.4519230769230769 0.04567307692307692 0.06490384615384616
1 0.8665865384615384 0.019230769230769232 0.13221153846153846 0.038461538461538464
1 0.24759615384615385 0.013221153846153846 0.08173076923076923 0.026442307692307692