1 0.21875 0.37740384615384615 0.07692307692307693 0.06971153846153846
1 0.07451923076923077 0.36778846153846156 0.09615384615384616 0.09375
1 0.23557692307692307 0.30288461538461536 0.055288461538461536 0.06009615384615385
1 0.6081730769230769 0.2860576923076923 0.04567307692307692 0.05048076923076923
1 0.03365384615384615 0.2860576923076923 0.0625 0.0985576923076923
1 0.16826923076923078 0.23798076923076922 0.04567307692307692 0.036057692307692304
1 0.3918269230769231 0.2403846153846154 0.04326923076923077 0.040865384615384616
0 0.4543269230769231 0.5264423076923077 0.07451923076923077 0.08653846153846154
0 0.3245192307692308 0.24278846153846154 0.03365384615384615 0.04567307692307692
0 0.3798076923076923 0.25961538461538464 0.04807692307692308 0.055288461538461536
0 0.7163461538461539 0.27403846153846156 0.11538461538461539 0.10817307692307693
0 0.8004807692307693 0.2644230769230769 0.06009615384615385 0.08653846153846154
0 0.9759615384615384 0.2548076923076923 0.04326923076923077 0.06490384615384616
0 0.9495192307692307 0.2692307692307692 0.04326923076923077 0.0673076923076923
1 0.21875 0.06009615384615385 0.07692307692307693 0.06971153846153846
1 0.07451923076923077 0.06971153846153846 0.09615384615384616 0.09375
1 0.23557692307692307 0.1346153846153846 0.055288461538461536 0.06009615384615385
1 0.6081730769230769 0.15144230769230768 0.04567307692307692 0.05048076923076923
1 0.03365384615384615 0.15144230769230768 0.0625 0.0985576923076923
1 0.16826923076923078 0.19951923076923078 0.04567307692307692 0.036057692307692304
1 0.3918269230769231 0.1971153846153846 0.04326923076923077 0.040865384615384616
0 0.3245192307692308 0.19471153846153846 0.03365384615384615 0.04567307692307692
0 0.3798076923076923 0.1778846153846154 0.04807692307692308 0.055288461538461536
0 0.7163461538461539 0.16346153846153846 0.11538461538461539 0.10817307692307693
0 0.8004807692307693 0.17307692307692307 0.06009615384615385 0.08653846153846154
0 0.9759615384615384 0.18269230769230768 0.04326923076923077 0.06490384615384616
0 0.9495192307692307 0.16826923076923078 0.04326923076923077 0.0673076923076923