1 0.8365384615384616 0.4182692307692308 0.07932692307692307 0.09134615384615384
1 0.1971153846153846 0.4014423076923077 0.07692307692307693 0.09615384615384616
1 0.40865384615384615 0.4014423076923077 0.057692307692307696 0.07932692307692307
1 0.5889423076923077 0.39663461538461536 0.07692307692307693 0.09134615384615384
1 0.7307692307692307 0.4254807692307692 0.057692307692307696 0.06971153846153846
1 0.03365384615384615 0.40625 0.0673076923076923 0.12740384615384615
1 0.5120192307692307 0.42788461538461536 0.055288461538461536 0.0673076923076923
1 0.9663461538461539 0.44711538461538464 0.05048076923076923 0.057692307692307696
1 0.47115384615384615 0.4206730769230769 0.040865384615384616 0.0673076923076923
1 0.6778846153846154 0.4423076923076923 0.04567307692307692 0.06009615384615385
1 0.7764423076923077 0.44471153846153844 0.05048076923076923 0.06009615384615385
1 0.6298076923076923 0.4375 0.03365384615384615 0.052884615384615384