1 0.125 0.2764423076923077 0.08413461538461539 0.0889423076923077
1 0.22355769230769232 0.2548076923076923 0.0889423076923077 0.10336538461538461
1 0.7764423076923077 0.3004807692307692 0.11057692307692307 0.12259615384615384
1 0.35336538461538464 0.3004807692307692 0.10576923076923077 0.11778846153846154
1 0.5288461538461539 0.3004807692307692 0.10817307692307693 0.11778846153846154
1 0.7115384615384616 0.24759615384615385 0.055288461538461536 0.06971153846153846
1 0.9110576923076923 0.19951923076923078 0.028846153846153848 0.040865384615384616
0 0.5552884615384616 0.21634615384615385 0.036057692307692304 0.05048076923076923
0 0.6754807692307693 0.19951923076923078 0.03365384615384615 0.03365384615384615
1 0.125 0.06490384615384616 0.08413461538461539 0.0889423076923077
1 0.22355769230769232 0.08653846153846154 0.0889423076923077 0.10336538461538461
1 0.7776442307692307 0.051682692307692304 0.11298076923076923 0.10336538461538461
1 0.3545673076923077 0.05048076923076923 0.10817307692307693 0.10096153846153846
1 0.5288461538461539 0.05048076923076923 0.11057692307692307 0.10096153846153846
1 0.7115384615384616 0.09375 0.055288461538461536 0.06971153846153846
1 0.9110576923076923 0.14182692307692307 0.028846153846153848 0.040865384615384616
0 0.5552884615384616 0.125 0.036057692307692304 0.05048076923076923
0 0.6754807692307693 0.14182692307692307 0.03365384615384615 0.03365384615384615