1 0.4519230769230769 0.3245192307692308 0.06490384615384616 0.07932692307692307
1 0.5240384615384616 0.29086538461538464 0.09615384615384616 0.13221153846153846
1 0.8485576923076923 0.27163461538461536 0.1201923076923077 0.15384615384615385
1 0.6802884615384616 0.31490384615384615 0.14182692307692307 0.1778846153846154
1 0.6057692307692307 0.3269230769230769 0.055288461538461536 0.08413461538461539
0 0.28846153846153844 0.3245192307692308 0.07451923076923077 0.0889423076923077
1 0.7980769230769231 0.3269230769230769 0.0673076923076923 0.0985576923076923
1 0.4519230769230769 0.02403846153846154 0.0673076923076923 0.04807692307692308
1 0.5252403846153846 0.054086538461538464 0.0985576923076923 0.10817307692307693
1 0.8497596153846154 0.06971153846153846 0.12259615384615384 0.13942307692307693
1 0.6802884615384616 0.054086538461538464 0.14423076923076922 0.10817307692307693
1 0.6057692307692307 0.02403846153846154 0.057692307692307696 0.04807692307692308
0 0.28846153846153844 0.026442307692307692 0.07692307692307693 0.052884615384615384
1 0.7992788461538461 0.027644230769230768 0.06971153846153846 0.055288461538461536