1 0.3894230769230769 0.2956730769230769 0.06490384615384616 0.08653846153846154
1 0.28846153846153844 0.29086538461538464 0.07932692307692307 0.10817307692307693
1 0.7932692307692307 0.3173076923076923 0.07451923076923077 0.09615384615384616
1 0.6105769230769231 0.31009615384615385 0.08173076923076923 0.11057692307692307
1 0.5456730769230769 0.2980769230769231 0.052884615384615384 0.08653846153846154
1 0.8918269230769231 0.2956730769230769 0.11538461538461539 0.14182692307692307
1 0.0625 0.31490384615384615 0.11778846153846154 0.1346153846153846
1 0.7451923076923077 0.31971153846153844 0.0625 0.09375
1 0.3894230769230769 0.02403846153846154 0.0673076923076923 0.04807692307692308
1 0.28846153846153844 0.03125 0.08173076923076923 0.0625
1 0.7932692307692307 0.015625 0.07692307692307693 0.03125
1 0.6117788461538461 0.02283653846153846 0.08413461538461539 0.04567307692307692
1 0.546875 0.02283653846153846 0.055288461538461536 0.04567307692307692
1 0.8930288461538461 0.037259615384615384 0.11778846153846154 0.07451923076923077
1 0.0625 0.026442307692307692 0.1201923076923077 0.052884615384615384
1 0.7463942307692307 0.013221153846153846 0.06490384615384616 0.026442307692307692