1 0.17067307692307693 0.3269230769230769 0.07932692307692307 0.09375
1 0.34134615384615385 0.31971153846153844 0.057692307692307696 0.07451923076923077
1 0.6346153846153846 0.3317307692307692 0.052884615384615384 0.0673076923076923
1 0.7067307692307693 0.28365384615384615 0.06009615384615385 0.08173076923076923
0 0.6033653846153846 0.33653846153846156 0.028846153846153848 0.04567307692307692
0 0.4831730769230769 0.3317307692307692 0.04567307692307692 0.055288461538461536
0 0.07451923076923077 0.3557692307692308 0.038461538461538464 0.055288461538461536
1 0.17067307692307693 0.026442307692307692 0.08173076923076923 0.052884615384615384
1 0.3425480769230769 0.025240384615384616 0.06009615384615385 0.05048076923076923
1 0.6358173076923077 0.018028846153846152 0.055288461538461536 0.036057692307692304
1 0.7067307692307693 0.04807692307692308 0.06009615384615385 0.08173076923076923
0 0.6045673076923077 0.009615384615384616 0.03125 0.019230769230769232
0 0.4831730769230769 0.014423076923076924 0.04807692307692308 0.028846153846153848