1 0.125 0.34134615384615385 0.07932692307692307 0.10096153846153846
1 0.20192307692307693 0.3798076923076923 0.06971153846153846 0.0985576923076923
1 0.4014423076923077 0.3173076923076923 0.03365384615384615 0.036057692307692304
1 0.3317307692307692 0.31490384615384615 0.036057692307692304 0.04326923076923077
1 0.28125 0.31490384615384615 0.03365384615384615 0.04326923076923077
1 0.20432692307692307 0.32211538461538464 0.026442307692307692 0.03365384615384615
1 0.5288461538461539 0.3245192307692308 0.08173076923076923 0.11298076923076923
1 0.7596153846153846 0.3076923076923077 0.07692307692307693 0.11057692307692307
0 0.8341346153846154 0.3293269230769231 0.04567307692307692 0.057692307692307696
0 0.9158653846153846 0.31490384615384615 0.07451923076923077 0.0889423076923077
1 0.125 0.021634615384615384 0.08173076923076923 0.04326923076923077
1 0.4026442307692308 0.016826923076923076 0.036057692307692304 0.03365384615384615
1 0.3317307692307692 0.020432692307692308 0.038461538461538464 0.040865384615384616
1 0.2824519230769231 0.020432692307692308 0.036057692307692304 0.040865384615384616
1 0.20432692307692307 0.014423076923076924 0.028846153846153848 0.028846153846153848
1 0.5300480769230769 0.03245192307692308 0.08413461538461539 0.06490384615384616
1 0.7608173076923077 0.040865384615384616 0.07932692307692307 0.08173076923076923
0 0.8341346153846154 0.016826923076923076 0.04807692307692308 0.03365384615384615
0 0.9158653846153846 0.03125 0.07692307692307693 0.0625