0 0.43028846153846156 0.3798076923076923 0.06009615384615385 0.07211538461538461
0 0.6754807692307693 0.37740384615384615 0.057692307692307696 0.06971153846153846
0 0.4855769230769231 0.3918269230769231 0.06971153846153846 0.09375
0 0.5552884615384616 0.38221153846153844 0.057692307692307696 0.07692307692307693
0 0.2091346153846154 0.3557692307692308 0.07692307692307693 0.10096153846153846
0 0.8004807692307693 0.3581730769230769 0.0625 0.07451923076923077
0 0.12980769230769232 0.39663461538461536 0.09375 0.11057692307692307
0 0.43028846153846156 0.11538461538461539 0.06009615384615385 0.07211538461538461
0 0.6754807692307693 0.11778846153846154 0.057692307692307696 0.06971153846153846
0 0.4855769230769231 0.10336538461538461 0.06971153846153846 0.09375
0 0.5552884615384616 0.11298076923076923 0.057692307692307696 0.07692307692307693
0 0.2091346153846154 0.13942307692307693 0.07692307692307693 0.10096153846153846
0 0.8004807692307693 0.13701923076923078 0.0625 0.07451923076923077
0 0.12980769230769232 0.0985576923076923 0.09375 0.11057692307692307