1 0.6778846153846154 0.31009615384615385 0.07932692307692307 0.0985576923076923
1 0.43990384615384615 0.2860576923076923 0.06971153846153846 0.10096153846153846
1 0.21394230769230768 0.2860576923076923 0.0985576923076923 0.12259615384615384
1 0.8076923076923077 0.30288461538461536 0.09134615384615384 0.11057692307692307
1 0.7548076923076923 0.35336538461538464 0.04567307692307692 0.07211538461538461
1 0.49759615384615385 0.3293269230769231 0.04807692307692308 0.052884615384615384
1 0.34375 0.36778846153846156 0.04326923076923077 0.057692307692307696
1 0.6346153846153846 0.3485576923076923 0.055288461538461536 0.07451923076923077
1 0.6778846153846154 0.036057692307692304 0.08173076923076923 0.07211538461538461
1 0.43990384615384615 0.04927884615384615 0.07211538461538461 0.0985576923076923
1 0.21394230769230768 0.054086538461538464 0.10096153846153846 0.10817307692307693
1 0.8088942307692307 0.04326923076923077 0.09375 0.08653846153846154
1 0.7548076923076923 0.008413461538461538 0.04807692307692308 0.016826923076923076
1 0.4987980769230769 0.015625 0.05048076923076923 0.03125
1 0.6346153846153846 0.010817307692307692 0.057692307692307696 0.021634615384615384