0 0.3076923076923077 0.35336538461538464 0.0625 0.08173076923076923
0 0.8269230769230769 0.34615384615384615 0.06971153846153846 0.08173076923076923
0 0.6298076923076923 0.3269230769230769 0.055288461538461536 0.07211538461538461
0 0.4495192307692308 0.35096153846153844 0.052884615384615384 0.06009615384615385
0 0.08173076923076923 0.37740384615384615 0.055288461538461536 0.06971153846153846
0 0.5889423076923077 0.3629807692307692 0.036057692307692304 0.057692307692307696
0 0.7980769230769231 0.3245192307692308 0.04567307692307692 0.052884615384615384
0 0.24519230769230768 0.33653846153846156 0.028846153846153848 0.03365384615384615
0 0.20192307692307693 0.33653846153846156 0.02403846153846154 0.028846153846153848
0 0.0625 0.3389423076923077 0.038461538461538464 0.036057692307692304
0 0.3088942307692308 0.010817307692307692 0.06490384615384616 0.021634615384615384
0 0.8269230769230769 0.014423076923076924 0.07211538461538461 0.028846153846153848
0 0.6298076923076923 0.021634615384615384 0.057692307692307696 0.04326923076923077
0 0.45072115384615385 0.006009615384615385 0.055288461538461536 0.01201923076923077
0 0.7980769230769231 0.018028846153846152 0.04807692307692308 0.036057692307692304
0 0.24639423076923078 0.007211538461538462 0.03125 0.014423076923076924
0 0.203125 0.006009615384615385 0.026442307692307692 0.01201923076923077
0 0.06370192307692307 0.006009615384615385 0.040865384615384616 0.01201923076923077